exp_rep, bfly, algo, time, iterations
1, fes, 70757957270819.95, 0.01, 3
1, fes, 38381541382195.58, 0.62, 111
1, fes, 37143496424615.54, 1.23, 228
1, fes, 36843367899305.12, 1.84, 351
1, fes, 35631563199674.12, 2.45, 483
1, fes, 35168072451091.02, 3.06, 623
1, fes, 35646675690840.13, 3.67, 776
1, fes, 36340305214739.98, 4.27, 935
1, fes, 39285397760856.83, 4.87, 1106
1, fes, 39215385409288.28, 5.47, 1291
1, fes, 39469476255046.02, 6.07, 1482
1, fes, 39441948070840.36, 6.68, 1698
1, fes, 41068365381966.33, 7.28, 1932
1, fes, 40828729244028.24, 7.88, 2171
1, fes, 40850648195095.94, 8.48, 2427
1, fes, 40879532095750.71, 9.08, 2723
1, fes, 41060370895001.81, 9.68, 3182
1, fes, 40183826770345.81, 10.28, 3651
1, fes, 40561476880735.53, 10.88, 4132
1, fes, 40200793653466.82, 11.48, 4629
1, fes, 39959312193207.87, 12.08, 5124
1, fes, 40083585150102.62, 12.68, 5636
1, fes, 40207686759906.54, 13.28, 6144
1, fes, 40925660325914.80, 13.88, 6672
1, fes, 40670185413964.19, 14.48, 7193
1, fes, 40739116749681.52, 15.08, 7719
1, fes, 40795015087719.16, 15.68, 8247
1, fes, 40706941636953.48, 16.28, 8786
1, fes, 40641878190102.39, 16.88, 9331
1, fes, 40701949580931.62, 17.48, 9871
1, fes, 40689094078614.67, 18.08, 10416
1, fes, 40872512683283.53, 18.68, 10967
1, fes, 41107960297130.89, 19.28, 11516
1, fes, 40928684088716.19, 19.88, 12079
1, fes, 40909831887892.09, 20.48, 12626
1, fes, 40790755673412.07, 21.08, 13180
1, fes, 40515714407146.23, 21.68, 13745
1, fes, 40563412733298.24, 22.28, 14302
1, fes, 40355998319827.40, 22.88, 14865
1, fes, 40298732389817.87, 23.48, 15432
1, fes, 40230266862346.07, 24.08, 15996
1, fes, 40140636112723.84, 24.68, 16562
1, fes, 40148936214215.02, 25.28, 17130
1, fes, 40198455367392.08, 25.88, 17700
1, fes, 40186461490031.74, 26.48, 18275
1, fes, 40213055340412.28, 27.08, 18835
1, fes, 40280313059426.16, 27.68, 19416
1, fes, 40257829505701.43, 28.28, 19990
1, fes, 40367438045251.40, 28.88, 20563
1, fes, 40320702151221.00, 29.48, 21127
1, fes, 40308103010818.42, 30.08, 21705
1, fes, 40334390230696.87, 30.68, 22270
1, fes, 40444743125855.19, 31.28, 22847
1, fes, 40316297303383.78, 31.88, 23428
1, fes, 40390130285864.07, 32.49, 24009
1, fes, 40459792798983.18, 33.10, 24589
1, fes, 40459246702046.53, 33.71, 25178
1, fes, 40419053509460.00, 34.32, 25760
1, fes, 40465471823934.27, 34.93, 26346
1, fes, 40395592023794.03, 35.54, 26926
1, fes, 40345852126941.08, 36.15, 27514
1, fes, 40324407565641.92, 36.76, 28070
1, fes, 40397887072074.77, 37.37, 28616
1, fes, 40377518527922.20, 37.98, 29143
1, fes, 40409253685668.98, 38.59, 29666
1, fes, 40388688112778.17, 39.20, 30186
1, fes, 40350736748401.74, 39.81, 30699
1, fes, 40326531862521.48, 40.42, 31197
1, fes, 40311288286280.71, 41.03, 31695
1, fes, 40424459655709.99, 41.64, 32191
1, fes, 40480356714626.33, 42.25, 32689
1, fes, 40544733529890.60, 42.86, 33179
1, fes, 40494649257433.93, 43.47, 33662
1, fes, 40520094761070.41, 44.08, 34149
1, fes, 40497374151003.42, 44.69, 34625
1, fes, 40430908365916.85, 45.30, 35105
1, fes, 40447976004792.99, 45.91, 35582
1, fes, 40539902335707.21, 46.52, 36058
1, fes, 40549112420408.59, 47.13, 36525
1, fes, 40570954650488.57, 47.74, 36996
1, fes, 40556153541095.94, 48.35, 37466
1, fes, 40571219042285.05, 48.96, 37934
1, fes, 40560474744257.71, 49.57, 38396
1, fes, 40567702269691.42, 50.18, 38852
1, fes, 40532796001822.97, 50.79, 39318
1, fes, 40526550214289.85, 51.40, 39775
1, fes, 40514536641725.63, 52.01, 40236
1, fes, 40527245365125.52, 52.62, 40691
1, fes, 40493361413004.45, 53.23, 41147
1, fes, 40458323805184.39, 53.84, 41604
1, fes, 40453255917680.96, 54.45, 42058
1, fes, 40443794056542.70, 55.06, 42509
1, fes, 40440510356388.91, 55.67, 42957
1, fes, 40468436757276.88, 56.28, 43403
1, fes, 40420747570735.52, 56.89, 43859
1, fes, 40437193646258.26, 57.50, 44307
1, fes, 40431139108909.97, 58.12, 44764
1, fes, 40395705828526.73, 58.73, 45216
1, fes, 40403778470701.70, 59.34, 45666
1, fes, 40380258550163.95, 59.95, 46119
2, fes, 30120456741250.38, 0.01, 4
2, fes, 40450316558225.04, 0.62, 252
2, fes, 41091432156328.32, 1.23, 534
2, fes, 42555724724172.69, 1.84, 848
2, fes, 41057937558690.12, 2.45, 1203
2, fes, 42675623138882.02, 3.06, 1580
2, fes, 41754643387520.73, 3.67, 1983
2, fes, 42467487664119.82, 4.27, 2392
2, fes, 41926173764618.65, 4.87, 2811
2, fes, 41948440490626.72, 5.47, 3238
2, fes, 42095916359221.07, 6.07, 3667
2, fes, 42074880836799.49, 6.67, 4100
2, fes, 41902362070292.73, 7.27, 4537
2, fes, 41930545770190.62, 7.87, 4970
2, fes, 41926847193978.24, 8.47, 5407
2, fes, 41949065005509.87, 9.07, 5861
2, fes, 42078508567977.18, 9.67, 6325
2, fes, 42115621096737.55, 10.27, 6790
2, fes, 42013343678672.50, 10.87, 7276
2, fes, 41805076285428.71, 11.47, 7760
2, fes, 41661850159342.86, 12.07, 8254
2, fes, 41695970925766.06, 12.67, 8756
2, fes, 41712140282449.91, 13.27, 9270
2, fes, 41600159594741.78, 13.87, 9782
2, fes, 41461198625907.84, 14.47, 10302
2, fes, 41401262138927.49, 15.07, 10831
2, fes, 41368711016879.11, 15.67, 11361
2, fes, 41475052398941.24, 16.27, 11900
2, fes, 41437634492081.70, 16.87, 12433
2, fes, 41475349328935.80, 17.47, 12978
2, fes, 41373187315889.69, 18.07, 13523
2, fes, 41336965170579.71, 18.67, 14065
2, fes, 41240156418035.09, 19.27, 14616
2, fes, 41300013868203.33, 19.87, 15173
2, fes, 41249776483152.72, 20.47, 15731
2, fes, 41250116962375.80, 21.07, 16291
2, fes, 41137304884318.91, 21.67, 16842
2, fes, 41100645692276.44, 22.27, 17405
2, fes, 41021583122083.70, 22.87, 17963
2, fes, 40997514471579.78, 23.47, 18522
2, fes, 40937620508007.85, 24.07, 19088
2, fes, 41024028721750.96, 24.67, 19653
2, fes, 40977710842583.41, 25.27, 20210
2, fes, 40827976520591.12, 25.87, 20785
2, fes, 40903606125624.69, 26.47, 21354
2, fes, 40828554646336.70, 27.07, 21916
2, fes, 40736041516062.18, 27.67, 22496
2, fes, 40730107802641.17, 28.27, 23064
2, fes, 40757811115602.19, 28.87, 23635
2, fes, 40704321034959.49, 29.47, 24206
2, fes, 40629957244974.59, 30.07, 24779
2, fes, 40646448263610.77, 30.67, 25357
2, fes, 40604868877268.49, 31.27, 25929
2, fes, 40621387193307.58, 31.87, 26496
2, fes, 40577232583090.54, 32.48, 27084
2, fes, 40662089924846.01, 33.09, 27669
2, fes, 40647835654611.07, 33.70, 28250
2, fes, 40681005180854.26, 34.31, 28838
2, fes, 40696030059787.39, 34.92, 29417
2, fes, 40687497181953.93, 35.53, 30009
2, fes, 40596768859135.95, 36.14, 30597
2, fes, 40606098527448.84, 36.75, 31173
2, fes, 40631278113339.17, 37.36, 31760
2, fes, 40663850290413.48, 37.97, 32343
2, fes, 40609842507289.96, 38.58, 32925
2, fes, 40576878593678.39, 39.19, 33525
2, fes, 40705635651154.79, 39.80, 34100
2, fes, 40743681876553.43, 40.41, 34688
2, fes, 40748525207315.04, 41.02, 35274
2, fes, 40787732634714.87, 41.63, 35862
2, fes, 40757144033614.37, 42.24, 36442
2, fes, 40780189447058.02, 42.85, 37029
2, fes, 40776086023291.22, 43.46, 37592
2, fes, 40724943675644.85, 44.07, 38138
2, fes, 40758025818534.50, 44.68, 38670
2, fes, 40742973980332.32, 45.29, 39191
2, fes, 40736538411057.76, 45.90, 39704
2, fes, 40751140198310.38, 46.51, 40212
2, fes, 40777518327971.12, 47.12, 40717
2, fes, 40752127466633.50, 47.73, 41213
2, fes, 40767866593459.65, 48.34, 41707
2, fes, 40752321949992.45, 48.95, 42200
2, fes, 40789669194381.08, 49.56, 42686
2, fes, 40763850858526.24, 50.17, 43163
2, fes, 40804899612638.88, 50.78, 43651
2, fes, 40807514242756.55, 51.39, 44131
2, fes, 40798231354693.52, 52.00, 44609
2, fes, 40804407007165.01, 52.62, 45089
2, fes, 40849989843668.28, 53.23, 45567
2, fes, 40885537309287.02, 53.84, 46032
2, fes, 40861520187854.27, 54.45, 46507
2, fes, 40891860093686.46, 55.06, 46968
2, fes, 40896681146827.40, 55.67, 47433
2, fes, 40913056854352.88, 56.28, 47897
2, fes, 40904929183102.37, 56.89, 48362
2, fes, 40911166229869.58, 57.50, 48817
2, fes, 40874728733354.85, 58.11, 49281
2, fes, 40876919668460.25, 58.72, 49735
2, fes, 40835429223411.70, 59.33, 50198
2, fes, 40824185121045.58, 59.94, 50654
3, fes, 34596421582797.16, 0.01, 6
3, fes, 39681586556032.01, 0.62, 462
3, fes, 39132262721679.61, 1.23, 911
3, fes, 40929701036291.85, 1.84, 1363
3, fes, 40885385887814.67, 2.45, 1813
3, fes, 41994127627078.75, 3.06, 2264
3, fes, 42317056005511.78, 3.67, 2709
3, fes, 42171565350464.75, 4.27, 3150
3, fes, 41785090769256.97, 4.87, 3599
3, fes, 41836175699083.82, 5.47, 4039
3, fes, 42032779889563.21, 6.07, 4487
3, fes, 42158962870830.37, 6.67, 4925
3, fes, 41856349310008.12, 7.27, 5373
3, fes, 41686804836967.06, 7.87, 5811
3, fes, 41651757365196.52, 8.47, 6252
3, fes, 41365134741020.76, 9.07, 6698
3, fes, 41195177240823.05, 9.67, 7137
3, fes, 41264902948394.87, 10.27, 7583
3, fes, 41403226878809.80, 10.87, 8021
3, fes, 41200806161396.46, 11.48, 8472
3, fes, 41112601365739.06, 12.08, 8919
3, fes, 41069169223832.10, 12.68, 9355
3, fes, 41267542052856.68, 13.28, 9801
3, fes, 41356587723829.33, 13.88, 10236
3, fes, 41307861355792.82, 14.48, 10685
3, fes, 41152299938869.32, 15.08, 11123
3, fes, 41378467102584.47, 15.68, 11569
3, fes, 41366036150520.55, 16.28, 12029
3, fes, 41442855937354.09, 16.88, 12500
3, fes, 41336688222839.96, 17.48, 12979
3, fes, 41287473650318.57, 18.08, 13471
3, fes, 41363889520897.02, 18.68, 13979
3, fes, 41272697954359.05, 19.28, 14472
3, fes, 41258176509652.91, 19.88, 14982
3, fes, 41205342550208.17, 20.48, 15497
3, fes, 41195238512642.15, 21.08, 16017
3, fes, 41059482649326.15, 21.68, 16542
3, fes, 40924557144397.80, 22.28, 17075
3, fes, 40846881201468.04, 22.88, 17608
3, fes, 40897317965688.62, 23.48, 18151
3, fes, 40923070733508.27, 24.08, 18692
3, fes, 40865309781379.04, 24.68, 19239
3, fes, 40938963487192.50, 25.28, 19778
3, fes, 40968642385738.40, 25.88, 20328
3, fes, 40948258520743.62, 26.48, 20882
3, fes, 40883776348749.21, 27.08, 21436
3, fes, 40772360492076.37, 27.68, 21998
3, fes, 40686563045290.40, 28.28, 22555
3, fes, 40596703280959.67, 28.88, 23119
3, fes, 40510646352416.89, 29.48, 23678
3, fes, 40528551477561.43, 30.08, 24252
3, fes, 40652413738822.31, 30.68, 24807
3, fes, 40745392755915.13, 31.28, 25368
3, fes, 40811845464757.60, 31.88, 25937
3, fes, 40740372661150.32, 32.49, 26516
3, fes, 40685510080414.78, 33.10, 27093
3, fes, 40722882126035.01, 33.71, 27666
3, fes, 40776752006301.56, 34.32, 28241
3, fes, 40795533814114.43, 34.93, 28821
3, fes, 40742994169650.82, 35.54, 29404
3, fes, 40717065802960.43, 36.15, 29993
3, fes, 40755447425536.43, 36.76, 30568
3, fes, 40704024421008.35, 37.37, 31146
3, fes, 40666470573372.42, 37.98, 31725
3, fes, 40680362838140.33, 38.59, 32307
3, fes, 40616831752961.59, 39.20, 32894
3, fes, 40713771588288.80, 39.81, 33473
3, fes, 40664779446295.15, 40.42, 34064
3, fes, 40739880525080.51, 41.03, 34644
3, fes, 40768755081692.63, 41.64, 35225
3, fes, 40691481649781.51, 42.25, 35816
3, fes, 40649959518481.52, 42.86, 36396
3, fes, 40564784459776.19, 43.47, 36975
3, fes, 40601299656485.88, 44.08, 37565
3, fes, 40591949490571.16, 44.69, 38141
3, fes, 40542781745557.28, 45.30, 38730
3, fes, 40493266343761.17, 45.91, 39311
3, fes, 40473867915006.25, 46.52, 39904
3, fes, 40437026735872.51, 47.13, 40483
3, fes, 40476996828547.67, 47.74, 41063
3, fes, 40437704939973.50, 48.35, 41650
3, fes, 40448055190365.66, 48.96, 42236
3, fes, 40443581698524.74, 49.57, 42816
3, fes, 40440173382024.83, 50.18, 43382
3, fes, 40465942676688.36, 50.79, 43929
3, fes, 40500450781053.72, 51.40, 44457
3, fes, 40487388606780.04, 52.01, 44984
3, fes, 40510056139154.91, 52.62, 45500
3, fes, 40464669069688.64, 53.23, 46011
3, fes, 40456228186204.91, 53.84, 46513
3, fes, 40480135081637.66, 54.45, 47017
3, fes, 40454113542474.65, 55.06, 47511
3, fes, 40483662975614.08, 55.67, 48010
3, fes, 40471920170231.81, 56.28, 48501
3, fes, 40465280881385.35, 56.89, 48991
3, fes, 40459958719323.52, 57.50, 49472
3, fes, 40456801471445.77, 58.11, 49947
3, fes, 40469907283666.59, 58.72, 50427
3, fes, 40467190161172.87, 59.33, 50901
3, fes, 40479881244073.26, 59.94, 51380
4, fes, 63529789620796.56, 0.01, 5
4, fes, 44527244954906.54, 0.62, 474
4, fes, 41760437796299.49, 1.23, 947
4, fes, 41316765095503.51, 1.84, 1416
4, fes, 41023531793337.32, 2.45, 1880
4, fes, 40694640073716.11, 3.06, 2338
4, fes, 41822221870512.47, 3.67, 2801
4, fes, 41201643261106.73, 4.27, 3249
4, fes, 40665414860940.07, 4.87, 3704
4, fes, 40168804162828.74, 5.47, 4152
4, fes, 40398071420410.48, 6.07, 4605
4, fes, 40982045322137.16, 6.67, 5054
4, fes, 41011395140523.14, 7.27, 5495
4, fes, 41177067766706.42, 7.87, 5940
4, fes, 41548774016134.23, 8.47, 6386
4, fes, 41478543384676.11, 9.07, 6823
4, fes, 41388891735604.87, 9.67, 7263
4, fes, 41115789226125.64, 10.27, 7704
4, fes, 40995581943852.21, 10.87, 8157
4, fes, 41173017044955.87, 11.47, 8608
4, fes, 41062756179635.35, 12.07, 9052
4, fes, 40970436405883.87, 12.67, 9495
4, fes, 40899412680628.81, 13.27, 9934
4, fes, 40696188742964.37, 13.87, 10380
4, fes, 40840642314630.64, 14.47, 10829
4, fes, 41067246668411.78, 15.07, 11265
4, fes, 41107855165219.83, 15.67, 11706
4, fes, 40981683301030.63, 16.27, 12148
4, fes, 40781222866122.62, 16.87, 12592
4, fes, 40705609880729.40, 17.47, 13027
4, fes, 40704475221604.52, 18.07, 13466
4, fes, 40680004748106.22, 18.67, 13910
4, fes, 40631470550393.15, 19.27, 14346
4, fes, 40700045329670.02, 19.87, 14792
4, fes, 40742064789713.03, 20.47, 15227
4, fes, 40754773698759.40, 21.07, 15670
4, fes, 40729298637555.39, 21.67, 16106
4, fes, 40716084934752.68, 22.27, 16555
4, fes, 40741697132245.65, 22.87, 17011
4, fes, 40959782924668.65, 23.47, 17482
4, fes, 40988743707483.98, 24.07, 17964
4, fes, 41087366953622.43, 24.67, 18453
4, fes, 41064002895715.20, 25.27, 18946
4, fes, 41081008847154.23, 25.87, 19446
4, fes, 41088456993850.78, 26.47, 19955
4, fes, 41121048776115.78, 27.07, 20471
4, fes, 41089035758974.82, 27.67, 20991
4, fes, 41111106005858.93, 28.27, 21511
4, fes, 41136434851231.05, 28.87, 22041
4, fes, 41185181081253.11, 29.47, 22575
4, fes, 41128808339193.71, 30.07, 23107
4, fes, 41066428874043.87, 30.67, 23656
4, fes, 41121063804317.39, 31.27, 24191
4, fes, 41212009738636.80, 31.87, 24743
4, fes, 41240116210757.19, 32.48, 25301
4, fes, 41135049923176.57, 33.09, 25858
4, fes, 41133959907005.64, 33.70, 26420
4, fes, 41224593892761.45, 34.31, 26990
4, fes, 41100807240404.67, 34.92, 27559
4, fes, 41084408255155.94, 35.53, 28130
4, fes, 41100143800904.87, 36.14, 28700
4, fes, 40979979685898.73, 36.75, 29279
4, fes, 40941714628764.07, 37.36, 29855
4, fes, 40947046240417.69, 37.97, 30428
4, fes, 40944255998067.58, 38.58, 30996
4, fes, 41008060680640.27, 39.19, 31571
4, fes, 41041790193012.10, 39.80, 32143
4, fes, 41072160454265.54, 40.41, 32720
4, fes, 41027711566466.11, 41.02, 33302
4, fes, 41084378351497.41, 41.63, 33873
4, fes, 40989691033532.98, 42.24, 34461
4, fes, 40979117385807.05, 42.85, 35033
4, fes, 41054869176919.92, 43.46, 35608
4, fes, 41125289832242.55, 44.07, 36186
4, fes, 41063553535973.28, 44.68, 36769
4, fes, 41061417927112.43, 45.29, 37353
4, fes, 41079942971818.02, 45.90, 37940
4, fes, 41053255478242.67, 46.51, 38513
4, fes, 40999857987463.87, 47.12, 39096
4, fes, 40999138210993.81, 47.73, 39679
4, fes, 40995819351998.26, 48.34, 40260
4, fes, 41046119838776.96, 48.95, 40841
4, fes, 41056028637326.69, 49.56, 41428
4, fes, 40991162860363.95, 50.17, 42011
4, fes, 41083071419211.10, 50.78, 42591
4, fes, 41129819859970.77, 51.39, 43178
4, fes, 41100210876730.93, 52.00, 43767
4, fes, 41075887699639.73, 52.61, 44344
4, fes, 41031345533013.54, 53.22, 44929
4, fes, 40962406544727.39, 53.83, 45521
4, fes, 40948706785456.19, 54.44, 46104
4, fes, 40933852088852.94, 55.05, 46693
4, fes, 40880062529275.02, 55.66, 47275
4, fes, 40894074608028.43, 56.27, 47856
4, fes, 40877714289628.05, 56.88, 48434
4, fes, 40813821351507.03, 57.49, 48986
4, fes, 40826496178460.67, 58.10, 49523
4, fes, 40837894227343.59, 58.71, 50044
4, fes, 40856630297830.08, 59.32, 50561
4, fes, 40952708156420.53, 59.93, 51067
5, fes, 53888881127109.02, 0.01, 9
5, fes, 42295145036119.41, 0.62, 514
5, fes, 41297109644836.13, 1.23, 1020
5, fes, 40589636047303.38, 1.84, 1520
5, fes, 40336526962126.83, 2.45, 2010
5, fes, 40762224242265.88, 3.06, 2493
5, fes, 41372709533025.47, 3.67, 2981
5, fes, 41456522665878.56, 4.27, 3449
5, fes, 41679830915110.31, 4.87, 3921
5, fes, 41359103505761.90, 5.47, 4391
5, fes, 41278096971326.66, 6.07, 4863
5, fes, 41021216589517.98, 6.67, 5332
5, fes, 41074891359028.39, 7.27, 5798
5, fes, 40875505597242.13, 7.87, 6259
5, fes, 40904830716579.54, 8.47, 6722
5, fes, 40649937288703.71, 9.07, 7182
5, fes, 40607641031166.76, 9.67, 7642
5, fes, 40775472070184.50, 10.27, 8090
5, fes, 40849014251848.25, 10.87, 8543
5, fes, 40790828710717.23, 11.47, 9000
5, fes, 40752406677242.77, 12.07, 9456
5, fes, 41060783480494.63, 12.67, 9909
5, fes, 41138830486984.06, 13.27, 10364
5, fes, 41122099294077.56, 13.87, 10805
5, fes, 41329792179029.06, 14.47, 11254
5, fes, 41108705440118.05, 15.07, 11698
5, fes, 41001569858759.48, 15.67, 12139
5, fes, 40974755336183.06, 16.27, 12581
5, fes, 40919341549881.28, 16.87, 13020
5, fes, 40798825696741.22, 17.47, 13467
5, fes, 40731433894829.81, 18.07, 13906
5, fes, 40594778641722.36, 18.67, 14348
5, fes, 40470865379362.01, 19.27, 14784
5, fes, 40374889631868.26, 19.87, 15232
5, fes, 40272308985600.62, 20.47, 15676
5, fes, 40167401991493.48, 21.07, 16124
5, fes, 40231642411615.58, 21.67, 16569
5, fes, 40215376017020.82, 22.27, 17012
5, fes, 40253262062761.96, 22.88, 17456
5, fes, 40306671140668.63, 23.48, 17898
5, fes, 40374754359471.96, 24.08, 18344
5, fes, 40475338070953.00, 24.68, 18790
5, fes, 40537662437305.56, 25.28, 19230
5, fes, 40523418086426.97, 25.88, 19675
5, fes, 40440947811684.41, 26.48, 20114
5, fes, 40521890761290.37, 27.08, 20559
5, fes, 40479712244363.15, 27.68, 21002
5, fes, 40440195921402.12, 28.28, 21444
5, fes, 40496509984499.69, 28.88, 21892
5, fes, 40482000424081.61, 29.48, 22347
5, fes, 40463550604075.51, 30.08, 22810
5, fes, 40498948385097.25, 30.68, 23288
5, fes, 40647663729212.41, 31.28, 23772
5, fes, 40577563388780.00, 31.88, 24270
5, fes, 40542719710404.28, 32.49, 24775
5, fes, 40506451491832.85, 33.10, 25297
5, fes, 40508896678832.62, 33.71, 25816
5, fes, 40562211100911.58, 34.32, 26344
5, fes, 40646070631728.94, 34.93, 26878
5, fes, 40624124813378.37, 35.54, 27412
5, fes, 40676884510187.40, 36.15, 27955
5, fes, 40726946818743.52, 36.76, 28498
5, fes, 40701616295064.98, 37.37, 29053
5, fes, 40711523378038.63, 37.98, 29601
5, fes, 40723382772806.89, 38.59, 30166
5, fes, 40666524717236.40, 39.20, 30723
5, fes, 40711999208705.52, 39.81, 31285
5, fes, 40660114832026.59, 40.42, 31842
5, fes, 40693399625109.47, 41.03, 32411
5, fes, 40672232347525.83, 41.64, 32969
5, fes, 40595504894331.79, 42.25, 33537
5, fes, 40579150689533.62, 42.86, 34107
5, fes, 40628310481826.60, 43.47, 34678
5, fes, 40614612609448.56, 44.08, 35251
5, fes, 40586319007731.37, 44.69, 35826
5, fes, 40554344301124.88, 45.30, 36406
5, fes, 40593628469900.86, 45.91, 36978
5, fes, 40559535513145.64, 46.52, 37551
5, fes, 40609089980473.71, 47.13, 38128
5, fes, 40646781789028.16, 47.74, 38705
5, fes, 40648812859451.07, 48.35, 39292
5, fes, 40733342603403.47, 48.96, 39869
5, fes, 40727874585701.90, 49.57, 40447
5, fes, 40743934545608.37, 50.18, 41031
5, fes, 40705288329789.64, 50.79, 41608
5, fes, 40740759945454.14, 51.40, 42194
5, fes, 40735618656353.62, 52.01, 42773
5, fes, 40757418147044.16, 52.62, 43357
5, fes, 40713098685984.25, 53.23, 43940
5, fes, 40703323254805.54, 53.84, 44522
5, fes, 40698684837244.19, 54.45, 45110
5, fes, 40718190498852.08, 55.06, 45690
5, fes, 40719592370585.48, 55.67, 46275
5, fes, 40788567474430.56, 56.28, 46857
5, fes, 40758453370416.84, 56.89, 47438
5, fes, 40798235173755.16, 57.50, 48016
5, fes, 40770365951296.04, 58.11, 48608
5, fes, 40761405888916.06, 58.72, 49189
5, fes, 40710761144620.43, 59.33, 49780
5, fes, 40731416635326.08, 59.94, 50366
6, fes, 48732912273394.84, 0.01, 8
6, fes, 38732770293353.66, 0.62, 590
6, fes, 40273711842194.02, 1.23, 1187
6, fes, 38885630794759.87, 1.84, 1777
6, fes, 39097895242022.22, 2.45, 2360
6, fes, 39883465912382.50, 3.06, 2950
6, fes, 39729960705990.09, 3.67, 3510
6, fes, 39479640462432.71, 4.27, 4052
6, fes, 39536117366861.26, 4.87, 4571
6, fes, 39822517936922.24, 5.47, 5090
6, fes, 40119269843889.25, 6.07, 5593
6, fes, 40165364327982.70, 6.67, 6092
6, fes, 40189660200793.27, 7.27, 6591
6, fes, 40231774002773.55, 7.87, 7074
6, fes, 40275961411951.73, 8.47, 7571
6, fes, 40465213305422.89, 9.07, 8060
6, fes, 40374967050091.23, 9.67, 8543
6, fes, 40135179982445.28, 10.27, 9017
6, fes, 40249004254897.06, 10.87, 9494
6, fes, 40280578150378.05, 11.47, 9964
6, fes, 40280012635967.14, 12.07, 10441
6, fes, 40379994956202.92, 12.67, 10909
6, fes, 40398178568810.11, 13.27, 11376
6, fes, 40491143953753.32, 13.87, 11846
6, fes, 40472323784528.32, 14.47, 12307
6, fes, 40730403227483.54, 15.07, 12766
6, fes, 40709590809265.35, 15.67, 13233
6, fes, 40777015578497.56, 16.27, 13689
6, fes, 40996362131333.58, 16.87, 14146
6, fes, 40933081069659.14, 17.47, 14596
6, fes, 40956705117499.14, 18.07, 15047
6, fes, 40969223777690.65, 18.67, 15499
6, fes, 40867608662113.25, 19.27, 15949
6, fes, 40742084013571.99, 19.87, 16395
6, fes, 40719538731069.75, 20.47, 16845
6, fes, 40666953771200.00, 21.07, 17294
6, fes, 40666024648476.82, 21.67, 17737
6, fes, 40613538949535.55, 22.27, 18176
6, fes, 40728695638323.65, 22.87, 18622
6, fes, 40667405420822.80, 23.47, 19063
6, fes, 40784431265747.51, 24.07, 19507
6, fes, 40833608373663.46, 24.67, 19944
6, fes, 40835191107125.36, 25.27, 20388
6, fes, 40927672609101.48, 25.87, 20835
6, fes, 40950535666148.99, 26.47, 21276
6, fes, 41015408969103.20, 27.07, 21716
6, fes, 41038535522885.57, 27.67, 22162
6, fes, 40981580407608.63, 28.27, 22600
6, fes, 40926646097235.77, 28.87, 23041
6, fes, 40837442593001.15, 29.47, 23485
6, fes, 40831590447363.89, 30.07, 23926
6, fes, 40861943188187.52, 30.67, 24363
6, fes, 40884537363460.14, 31.27, 24810
6, fes, 40856104117168.29, 31.87, 25252
6, fes, 40827799510230.08, 32.48, 25703
6, fes, 40806023276339.18, 33.09, 26150
6, fes, 40814130850409.79, 33.70, 26599
6, fes, 40774255708091.85, 34.31, 27048
6, fes, 40727621595413.21, 34.92, 27497
6, fes, 40777691495502.05, 35.53, 27945
6, fes, 40760159211921.52, 36.14, 28404
6, fes, 40689831549283.63, 36.75, 28879
6, fes, 40698597769314.30, 37.36, 29365
6, fes, 40707709237413.64, 37.97, 29859
6, fes, 40770698618158.37, 38.58, 30358
6, fes, 40774165725108.84, 39.19, 30866
6, fes, 40700864402842.28, 39.80, 31377
6, fes, 40690118763540.02, 40.41, 31903
6, fes, 40746892108471.71, 41.02, 32427
6, fes, 40749750557609.69, 41.63, 32959
6, fes, 40796480886791.57, 42.24, 33496
6, fes, 40805987928943.18, 42.85, 34034
6, fes, 40834455057642.59, 43.46, 34585
6, fes, 40893127961556.55, 44.07, 35133
6, fes, 40848083467687.65, 44.68, 35690
6, fes, 40871448151308.45, 45.29, 36247
6, fes, 40813406775349.01, 45.90, 36808
6, fes, 40875448704755.05, 46.51, 37365
6, fes, 40919729547690.96, 47.12, 37931
6, fes, 40930595254851.00, 47.73, 38487
6, fes, 40899517738122.99, 48.34, 39068
6, fes, 40966502986679.53, 48.95, 39632
6, fes, 40954908669823.28, 49.56, 40209
6, fes, 41002989512853.63, 50.17, 40777
6, fes, 40968045374277.64, 50.78, 41357
6, fes, 40985423666750.95, 51.39, 41924
6, fes, 40952803847515.55, 52.00, 42502
6, fes, 40974527483845.07, 52.61, 43085
6, fes, 40943452949479.86, 53.22, 43661
6, fes, 40964857326741.15, 53.83, 44238
6, fes, 40965203014648.47, 54.44, 44828
6, fes, 40930870773751.50, 55.05, 45407
6, fes, 40930694325250.72, 55.66, 45989
6, fes, 40921772526310.13, 56.27, 46567
6, fes, 40889197041495.30, 56.88, 47149
6, fes, 40874258539817.00, 57.49, 47734
6, fes, 40885026990400.73, 58.10, 48321
6, fes, 40873755189189.08, 58.71, 48903
6, fes, 40861135763295.34, 59.32, 49493
6, fes, 40821931308315.24, 59.93, 50076
7, fes, 40893603642356.01, 0.01, 8
7, fes, 39773536738628.89, 0.62, 592
7, fes, 40785154106151.97, 1.23, 1174
7, fes, 39871798829629.84, 1.84, 1762
7, fes, 39066949680420.10, 2.45, 2353
7, fes, 39100732047506.63, 3.06, 2947
7, fes, 39773967160179.79, 3.67, 3533
7, fes, 40166215374249.58, 4.27, 4108
7, fes, 40310147850452.02, 4.87, 4690
7, fes, 40221940404724.38, 5.47, 5260
7, fes, 40239077023584.49, 6.07, 5842
7, fes, 40040606915762.72, 6.67, 6423
7, fes, 40201410082254.51, 7.27, 6996
7, fes, 40120692879495.96, 7.87, 7571
7, fes, 39960997296268.44, 8.47, 8157
7, fes, 39766784311579.13, 9.07, 8729
7, fes, 39756989037104.84, 9.67, 9311
7, fes, 39587750874728.19, 10.27, 9877
7, fes, 39507366343418.15, 10.87, 10417
7, fes, 39555129494635.31, 11.47, 10952
7, fes, 39414675093411.48, 12.07, 11471
7, fes, 39388044563195.33, 12.67, 11981
7, fes, 39236737105025.56, 13.27, 12488
7, fes, 39444914353210.12, 13.87, 12989
7, fes, 39458183417762.33, 14.47, 13481
7, fes, 39432978593106.21, 15.07, 13975
7, fes, 39355597468568.85, 15.67, 14467
7, fes, 39439982239732.43, 16.27, 14948
7, fes, 39587426275745.79, 16.87, 15426
7, fes, 39606756969212.58, 17.47, 15909
7, fes, 39762115109293.04, 18.07, 16392
7, fes, 39867834547330.18, 18.67, 16861
7, fes, 39842123765602.90, 19.27, 17336
7, fes, 39745363024798.32, 19.87, 17805
7, fes, 39763343658320.53, 20.47, 18274
7, fes, 39864019286702.52, 21.07, 18742
7, fes, 39798773980004.38, 21.67, 19214
7, fes, 39725442955532.21, 22.27, 19676
7, fes, 39738996076008.42, 22.87, 20140
7, fes, 39855177614606.76, 23.47, 20594
7, fes, 39908469444671.37, 24.07, 21048
7, fes, 39993347940098.53, 24.67, 21500
7, fes, 40029309652092.82, 25.27, 21957
7, fes, 40181391186761.48, 25.87, 22415
7, fes, 40279564821806.75, 26.47, 22868
7, fes, 40299000175572.49, 27.07, 23322
7, fes, 40322194484456.95, 27.67, 23772
7, fes, 40413050749623.44, 28.27, 24227
7, fes, 40440362144726.57, 28.87, 24672
7, fes, 40407447493386.12, 29.47, 25118
7, fes, 40560069808646.74, 30.07, 25560
7, fes, 40578143454487.98, 30.67, 26001
7, fes, 40543767733201.86, 31.27, 26445
7, fes, 40594284654271.72, 31.87, 26884
7, fes, 40711975799444.14, 32.48, 27333
7, fes, 40702565283216.19, 33.09, 27788
7, fes, 40739051912544.26, 33.70, 28240
7, fes, 40685637490576.33, 34.31, 28685
7, fes, 40725638679538.84, 34.92, 29141
7, fes, 40736965050630.97, 35.53, 29585
7, fes, 40712728543737.06, 36.14, 30035
7, fes, 40708410058512.88, 36.75, 30483
7, fes, 40723419083256.96, 37.36, 30942
7, fes, 40704068703991.70, 37.97, 31391
7, fes, 40681764637401.46, 38.58, 31843
7, fes, 40652197233235.66, 39.19, 32298
7, fes, 40672197262926.83, 39.80, 32749
7, fes, 40636371723407.62, 40.41, 33196
7, fes, 40539957863193.61, 41.02, 33646
7, fes, 40612037771258.84, 41.63, 34092
7, fes, 40619150333832.20, 42.24, 34546
7, fes, 40617664652564.87, 42.85, 35013
7, fes, 40545938998112.26, 43.46, 35501
7, fes, 40614934760878.10, 44.07, 35987
7, fes, 40581976396301.21, 44.68, 36491
7, fes, 40570576338232.58, 45.29, 36990
7, fes, 40544482230486.12, 45.90, 37499
7, fes, 40530280196202.56, 46.51, 38024
7, fes, 40504316745256.09, 47.12, 38548
7, fes, 40428591095070.32, 47.73, 39085
7, fes, 40488704144674.45, 48.34, 39619
7, fes, 40477875979178.19, 48.95, 40158
7, fes, 40454176138987.42, 49.56, 40706
7, fes, 40397438371910.98, 50.17, 41253
7, fes, 40437623345993.63, 50.78, 41802
7, fes, 40399212352084.00, 51.39, 42361
7, fes, 40433004444764.90, 52.00, 42926
7, fes, 40397453780300.89, 52.61, 43481
7, fes, 40404177901099.99, 53.22, 44046
7, fes, 40402487856151.47, 53.83, 44614
7, fes, 40399222308030.38, 54.44, 45175
7, fes, 40453083830545.13, 55.05, 45742
7, fes, 40518987381837.76, 55.66, 46308
7, fes, 40531660869552.44, 56.27, 46878
7, fes, 40476242385240.77, 56.88, 47457
7, fes, 40455775871027.10, 57.49, 48032
7, fes, 40418321416165.81, 58.10, 48604
7, fes, 40399653126743.10, 58.71, 49184
7, fes, 40428747088292.42, 59.32, 49763
7, fes, 40425616964947.32, 59.93, 50341
8, fes, 102077207077291.13, 0.01, 7
8, fes, 42847244733549.30, 0.62, 579
8, fes, 41090456751639.04, 1.23, 1164
8, fes, 42454327947253.49, 1.84, 1742
8, fes, 41756554237162.86, 2.45, 2317
8, fes, 40901320623444.04, 3.06, 2900
8, fes, 40158059233582.04, 3.67, 3487
8, fes, 40383164364108.66, 4.27, 4055
8, fes, 40055741368969.46, 4.87, 4632
8, fes, 39823830060475.26, 5.47, 5203
8, fes, 40149136101509.29, 6.07, 5779
8, fes, 39956105145299.06, 6.67, 6354
8, fes, 40044345769362.83, 7.27, 6922
8, fes, 39845419624511.79, 7.87, 7498
8, fes, 39855742168910.94, 8.47, 8080
8, fes, 39913427840574.61, 9.07, 8660
8, fes, 40004783762651.19, 9.67, 9238
8, fes, 40248661212650.31, 10.27, 9813
8, fes, 40185030077838.74, 10.87, 10400
8, fes, 40324729205686.29, 11.47, 10970
8, fes, 40251339352679.19, 12.07, 11552
8, fes, 40346958234012.64, 12.67, 12130
8, fes, 40170634385044.26, 13.27, 12701
8, fes, 40292345442028.01, 13.87, 13283
8, fes, 40447864131142.53, 14.47, 13854
8, fes, 40368923371943.51, 15.07, 14433
8, fes, 40487323522385.92, 15.67, 15010
8, fes, 40506837087660.72, 16.27, 15581
8, fes, 40460592544489.58, 16.87, 16143
8, fes, 40409261758272.93, 17.47, 16691
8, fes, 40310281278625.92, 18.07, 17226
8, fes, 40292454677293.21, 18.67, 17745
8, fes, 40275869434683.56, 19.27, 18263
8, fes, 40218954495475.04, 19.87, 18768
8, fes, 40252380642341.60, 20.47, 19267
8, fes, 40324038372814.75, 21.07, 19761
8, fes, 40450964353716.00, 21.67, 20251
8, fes, 40493633986318.38, 22.27, 20740
8, fes, 40407212542546.01, 22.87, 21231
8, fes, 40403805323858.28, 23.47, 21709
8, fes, 40318796600134.59, 24.07, 22187
8, fes, 40339284533736.93, 24.67, 22661
8, fes, 40314180544851.66, 25.27, 23133
8, fes, 40231327231797.81, 25.87, 23611
8, fes, 40181125419737.40, 26.47, 24082
8, fes, 40224076492410.70, 27.07, 24552
8, fes, 40299287750438.33, 27.67, 25014
8, fes, 40376061393462.33, 28.27, 25477
8, fes, 40361510694052.48, 28.87, 25939
8, fes, 40408264576550.87, 29.47, 26396
8, fes, 40396399956862.41, 30.07, 26856
8, fes, 40445414118567.77, 30.67, 27303
8, fes, 40469019666532.75, 31.27, 27756
8, fes, 40466333695135.50, 31.87, 28209
8, fes, 40491809989050.74, 32.48, 28674
8, fes, 40479515555096.95, 33.09, 29135
8, fes, 40466711709431.24, 33.70, 29587
8, fes, 40543652095367.37, 34.31, 30054
8, fes, 40521420975337.41, 34.92, 30511
8, fes, 40478720822338.72, 35.53, 30959
8, fes, 40493455773280.54, 36.14, 31412
8, fes, 40514874699555.74, 36.75, 31858
8, fes, 40501619769859.05, 37.36, 32308
8, fes, 40490687664953.94, 37.97, 32760
8, fes, 40482964768400.18, 38.58, 33210
8, fes, 40503239323109.95, 39.19, 33658
8, fes, 40494902908420.11, 39.80, 34114
8, fes, 40519680572536.15, 40.41, 34563
8, fes, 40480483088845.88, 41.02, 35008
8, fes, 40426694376734.10, 41.63, 35463
8, fes, 40455527604322.72, 42.24, 35918
8, fes, 40511243379933.12, 42.85, 36359
8, fes, 40612815203965.02, 43.46, 36812
8, fes, 40532595430516.80, 44.07, 37266
8, fes, 40513813005964.83, 44.68, 37722
8, fes, 40454199002365.15, 45.29, 38178
8, fes, 40481189828334.78, 45.90, 38624
8, fes, 40525493392381.05, 46.51, 39075
8, fes, 40532013243118.48, 47.12, 39523
8, fes, 40549005421790.66, 47.73, 39976
8, fes, 40566275598867.24, 48.34, 40423
8, fes, 40564176708984.85, 48.95, 40878
8, fes, 40634401754249.15, 49.56, 41339
8, fes, 40666798316040.60, 50.17, 41818
8, fes, 40672687887242.57, 50.78, 42307
8, fes, 40648126544821.73, 51.39, 42809
8, fes, 40661409101507.97, 52.00, 43307
8, fes, 40672916872517.61, 52.61, 43812
8, fes, 40664296621961.32, 53.22, 44329
8, fes, 40693293805698.33, 53.83, 44859
8, fes, 40755946110979.28, 54.44, 45381
8, fes, 40713184616706.17, 55.05, 45917
8, fes, 40754560262713.57, 55.66, 46460
8, fes, 40772404352278.87, 56.27, 47016
8, fes, 40777502662241.60, 56.88, 47560
8, fes, 40810071478261.29, 57.49, 48108
8, fes, 40820201462906.75, 58.10, 48664
8, fes, 40771817230751.35, 58.71, 49219
8, fes, 40758978724607.89, 59.32, 49777
8, fes, 40779473121770.69, 59.93, 50340
9, fes, 31269844814791.24, 0.01, 6
9, fes, 42730110245220.24, 0.62, 570
9, fes, 42171948883539.55, 1.23, 1143
9, fes, 41758904434895.97, 1.84, 1703
9, fes, 39979350915958.17, 2.45, 2294
9, fes, 39924757569178.89, 3.06, 2866
9, fes, 39738277326112.19, 3.67, 3441
9, fes, 39777579384790.36, 4.27, 4002
9, fes, 40243682498828.03, 4.87, 4564
9, fes, 40621106846870.12, 5.47, 5135
9, fes, 40505667524161.65, 6.07, 5701
9, fes, 39983194081580.66, 6.67, 6272
9, fes, 40059886578299.55, 7.27, 6836
9, fes, 40338418608471.54, 7.87, 7410
9, fes, 40736710331502.22, 8.47, 7978
9, fes, 40885063917162.16, 9.07, 8549
9, fes, 40553537050776.97, 9.67, 9120
9, fes, 40779487479910.56, 10.27, 9691
9, fes, 40798861335720.32, 10.87, 10269
9, fes, 40878527811104.23, 11.47, 10838
9, fes, 40573885822461.44, 12.07, 11422
9, fes, 40612584806747.34, 12.67, 11993
9, fes, 40496558461241.59, 13.27, 12567
9, fes, 40635040787171.62, 13.87, 13143
9, fes, 40682502836006.28, 14.47, 13731
9, fes, 40548089092436.42, 15.07, 14305
9, fes, 40571414430916.32, 15.67, 14877
9, fes, 40992630294209.42, 16.27, 15459
9, fes, 40859093619888.52, 16.87, 16033
9, fes, 41019331470995.98, 17.47, 16610
9, fes, 41111406084942.96, 18.07, 17186
9, fes, 41136069222433.97, 18.67, 17766
9, fes, 41235475485732.75, 19.27, 18336
9, fes, 41255807946720.58, 19.87, 18918
9, fes, 41145348263939.41, 20.47, 19490
9, fes, 41159592146103.29, 21.07, 20076
9, fes, 41092191591507.98, 21.67, 20650
9, fes, 41084175349011.70, 22.27, 21232
9, fes, 41096643428452.65, 22.87, 21815
9, fes, 41091061275399.11, 23.47, 22377
9, fes, 41026807737005.97, 24.07, 22921
9, fes, 41095649084298.16, 24.67, 23455
9, fes, 41106023671350.16, 25.27, 23971
9, fes, 41014665129465.02, 25.87, 24485
9, fes, 40873528551838.10, 26.47, 24996
9, fes, 40820486855808.52, 27.07, 25490
9, fes, 40762645684695.95, 27.67, 25990
9, fes, 40781521936349.20, 28.27, 26480
9, fes, 40707597256030.59, 28.87, 26967
9, fes, 40712690472899.69, 29.47, 27449
9, fes, 40698279488302.05, 30.07, 27934
9, fes, 40701754998130.61, 30.67, 28408
9, fes, 40689955199848.55, 31.27, 28887
9, fes, 40669859584355.33, 31.87, 29363
9, fes, 40628023147225.51, 32.48, 29840
9, fes, 40628036766785.89, 33.09, 30314
9, fes, 40691274354916.47, 33.70, 30791
9, fes, 40633362035644.14, 34.31, 31267
9, fes, 40633709952249.35, 34.92, 31735
9, fes, 40605526843411.18, 35.53, 32202
9, fes, 40559279670549.90, 36.14, 32666
9, fes, 40633990296432.55, 36.75, 33134
9, fes, 40615030110892.29, 37.36, 33605
9, fes, 40618308526157.60, 37.97, 34068
9, fes, 40622235291303.10, 38.58, 34530
9, fes, 40642480558694.78, 39.19, 34986
9, fes, 40666968602971.80, 39.80, 35449
9, fes, 40668500674571.47, 40.41, 35911
9, fes, 40704432050368.29, 41.02, 36365
9, fes, 40730807453567.68, 41.63, 36817
9, fes, 40730496742302.53, 42.24, 37267
9, fes, 40694564014825.12, 42.85, 37717
9, fes, 40691314116121.48, 43.46, 38163
9, fes, 40640419763362.44, 44.07, 38621
9, fes, 40617437439106.22, 44.68, 39070
9, fes, 40562042111412.88, 45.29, 39520
9, fes, 40516639818403.64, 45.90, 39977
9, fes, 40525594585074.25, 46.51, 40424
9, fes, 40556500165670.80, 47.12, 40876
9, fes, 40512369061443.55, 47.73, 41327
9, fes, 40473143808953.06, 48.34, 41778
9, fes, 40519543465990.83, 48.95, 42231
9, fes, 40482935586313.19, 49.56, 42684
9, fes, 40508238541873.99, 50.17, 43139
9, fes, 40488780141901.96, 50.78, 43600
9, fes, 40538184215590.01, 51.39, 44056
9, fes, 40597542529531.69, 52.00, 44506
9, fes, 40586873526177.35, 52.61, 44959
9, fes, 40595047838346.98, 53.22, 45417
9, fes, 40619522248039.88, 53.83, 45866
9, fes, 40596782139022.79, 54.44, 46312
9, fes, 40557379530906.72, 55.05, 46760
9, fes, 40552891756560.70, 55.66, 47214
9, fes, 40537727624211.97, 56.27, 47677
9, fes, 40571850990044.77, 56.88, 48160
9, fes, 40583051076302.96, 57.49, 48642
9, fes, 40567470032413.41, 58.10, 49149
9, fes, 40574980022246.14, 58.71, 49651
9, fes, 40555067879736.44, 59.32, 50158
9, fes, 40569209432280.57, 59.93, 50674
10, fes, 70867073110815.93, 0.01, 7
10, fes, 39364597618876.87, 0.62, 526
10, fes, 40955614233253.85, 1.23, 1056
10, fes, 39247858687679.61, 1.84, 1592
10, fes, 39603807595755.11, 2.45, 2147
10, fes, 39879080199053.54, 3.06, 2697
10, fes, 40548555897700.83, 3.67, 3251
10, fes, 40530628197285.83, 4.27, 3796
10, fes, 40359087428185.50, 4.87, 4342
10, fes, 40752626376613.13, 5.47, 4894
10, fes, 40929807944483.19, 6.07, 5438
10, fes, 41115217616963.16, 6.67, 5995
10, fes, 40813198948695.62, 7.27, 6552
10, fes, 40809546342768.75, 7.87, 7099
10, fes, 40425298256714.36, 8.47, 7661
10, fes, 40594343466634.58, 9.07, 8227
10, fes, 40510538885961.49, 9.67, 8780
10, fes, 40525271813794.02, 10.27, 9345
10, fes, 40317936157077.16, 10.87, 9911
10, fes, 40159769249875.93, 11.47, 10471
10, fes, 40172221847306.15, 12.07, 11042
10, fes, 40219674545703.52, 12.67, 11609
10, fes, 40218606038614.76, 13.27, 12181
10, fes, 40166742008423.40, 13.87, 12753
10, fes, 40287216735649.97, 14.47, 13324
10, fes, 40275293891828.36, 15.07, 13899
10, fes, 40166609312298.26, 15.67, 14472
10, fes, 40039024920735.83, 16.27, 15046
10, fes, 40164149766484.68, 16.87, 15624
10, fes, 40132135788779.43, 17.47, 16192
10, fes, 40076570256906.54, 18.07, 16764
10, fes, 39973538565529.18, 18.67, 17338
10, fes, 40039105339167.41, 19.27, 17915
10, fes, 39959033263087.13, 19.87, 18492
10, fes, 39993390428468.92, 20.47, 19067
10, fes, 40156380197785.00, 21.07, 19646
10, fes, 40112966327651.05, 21.67, 20213
10, fes, 40337792991931.25, 22.27, 20796
10, fes, 40486365438872.66, 22.87, 21383
10, fes, 40395824306246.80, 23.47, 21953
10, fes, 40400731359399.62, 24.07, 22525
10, fes, 40489554290835.45, 24.67, 23104
10, fes, 40458308685979.29, 25.27, 23675
10, fes, 40454445707479.14, 25.87, 24256
10, fes, 40521464855267.70, 26.47, 24839
10, fes, 40557798614786.30, 27.07, 25415
10, fes, 40524190882401.68, 27.67, 25988
10, fes, 40524045799511.09, 28.27, 26567
10, fes, 40537718502268.38, 28.87, 27149
10, fes, 40572633952935.30, 29.47, 27721
10, fes, 40632914207223.75, 30.07, 28289
10, fes, 40609047019821.72, 30.67, 28833
10, fes, 40598717526119.40, 31.27, 29371
10, fes, 40558455065957.59, 31.87, 29890
10, fes, 40546444898371.06, 32.48, 30423
10, fes, 40558301397693.93, 33.09, 30945
10, fes, 40517746360383.69, 33.70, 31454
10, fes, 40580418637552.75, 34.31, 31957
10, fes, 40635920319542.47, 34.92, 32463
10, fes, 40632808821624.11, 35.53, 32960
10, fes, 40670507330457.10, 36.14, 33447
10, fes, 40665911141711.49, 36.75, 33939
10, fes, 40624305485926.72, 37.36, 34421
10, fes, 40621768579582.88, 37.97, 34900
10, fes, 40547653766255.95, 38.58, 35381
10, fes, 40554103890835.37, 39.19, 35868
10, fes, 40524542424076.36, 39.80, 36347
10, fes, 40579454507745.71, 40.41, 36821
10, fes, 40671583895130.29, 41.02, 37293
10, fes, 40702760124765.78, 41.63, 37763
10, fes, 40665892808534.49, 42.24, 38225
10, fes, 40698229365339.02, 42.85, 38697
10, fes, 40667414456515.44, 43.46, 39160
10, fes, 40689655430645.00, 44.07, 39630
10, fes, 40726348770859.82, 44.68, 40092
10, fes, 40740891556072.96, 45.29, 40554
10, fes, 40785902625270.57, 45.90, 41011
10, fes, 40733387259837.38, 46.51, 41473
10, fes, 40738850684064.05, 47.12, 41930
10, fes, 40769135453523.15, 47.73, 42389
10, fes, 40765434056535.32, 48.34, 42841
10, fes, 40780868743746.60, 48.95, 43292
10, fes, 40749005156387.91, 49.56, 43742
10, fes, 40751749667941.45, 50.17, 44191
10, fes, 40723720832390.99, 50.78, 44641
10, fes, 40695029667259.24, 51.39, 45096
10, fes, 40680945862530.55, 52.00, 45548
10, fes, 40689578068031.98, 52.61, 46000
10, fes, 40706401841907.26, 53.22, 46454
10, fes, 40655954572776.52, 53.83, 46907
10, fes, 40727608348691.81, 54.44, 47357
10, fes, 40707600866502.89, 55.05, 47809
10, fes, 40714455816076.12, 55.66, 48261
10, fes, 40704465398486.03, 56.27, 48707
10, fes, 40685034301610.53, 56.88, 49161
10, fes, 40649548454193.49, 57.49, 49611
10, fes, 40595842391030.63, 58.10, 50068
10, fes, 40629494511991.03, 58.71, 50523
10, fes, 40580238358351.36, 59.32, 50972
10, fes, 40572232704974.18, 59.93, 51421
11, fes, 38014228837133.66, 0.01, 7
11, fes, 38741548384327.36, 0.62, 472
11, fes, 37484476055283.28, 1.23, 914
11, fes, 38092390084165.67, 1.84, 1359
11, fes, 38346036511189.52, 2.45, 1823
11, fes, 38965994225207.46, 3.06, 2294
11, fes, 39269379544066.64, 3.67, 2780
11, fes, 39127263246243.47, 4.27, 3268
11, fes, 39198875574705.90, 4.87, 3766
11, fes, 39109830792191.08, 5.47, 4260
11, fes, 40372441241233.71, 6.07, 4753
11, fes, 40501154841002.05, 6.67, 5264
11, fes, 40544671645833.40, 7.27, 5779
11, fes, 40691734675388.68, 7.87, 6306
11, fes, 40462054320022.77, 8.47, 6841
11, fes, 40411795044599.53, 9.07, 7373
11, fes, 40464264983345.56, 9.67, 7904
11, fes, 40453298813824.39, 10.27, 8448
11, fes, 40580629991042.05, 10.87, 8993
11, fes, 40705050651437.13, 11.47, 9540
11, fes, 40820347447710.16, 12.07, 10082
11, fes, 40729490659514.96, 12.67, 10638
11, fes, 40600190642070.73, 13.27, 11215
11, fes, 40576076732999.46, 13.87, 11781
11, fes, 40722536670956.19, 14.47, 12341
11, fes, 40727375798380.83, 15.07, 12899
11, fes, 40725470626478.06, 15.67, 13458
11, fes, 40691155304305.20, 16.27, 14020
11, fes, 40546575046232.07, 16.87, 14587
11, fes, 40760709418553.65, 17.47, 15148
11, fes, 40817108614859.00, 18.07, 15717
11, fes, 40848014304975.28, 18.67, 16282
11, fes, 40809115104571.83, 19.27, 16848
11, fes, 40767393467685.98, 19.87, 17415
11, fes, 40833026733257.79, 20.47, 17983
11, fes, 40792311496932.11, 21.07, 18557
11, fes, 40782737477527.17, 21.67, 19129
11, fes, 40776834931238.72, 22.27, 19693
11, fes, 40827940832041.00, 22.87, 20265
11, fes, 40773139271663.78, 23.47, 20838
11, fes, 40649559367171.77, 24.07, 21417
11, fes, 40707715187708.60, 24.67, 21983
11, fes, 40709480008211.09, 25.27, 22554
11, fes, 40707913669957.37, 25.87, 23131
11, fes, 40700438660513.10, 26.47, 23703
11, fes, 40746867709890.49, 27.07, 24284
11, fes, 40749695062549.41, 27.67, 24858
11, fes, 40907433235058.76, 28.27, 25429
11, fes, 40882737705707.05, 28.87, 26010
11, fes, 40920600361478.01, 29.47, 26580
11, fes, 40931313294872.35, 30.07, 27165
11, fes, 40916955265079.52, 30.67, 27745
11, fes, 40875638552785.43, 31.27, 28327
11, fes, 40806095056716.26, 31.87, 28900
11, fes, 40806846433274.23, 32.48, 29484
11, fes, 40786551492623.76, 33.09, 30078
11, fes, 40704781313033.44, 33.70, 30664
11, fes, 40648007391590.89, 34.31, 31249
11, fes, 40707956979554.35, 34.92, 31839
11, fes, 40690293891159.92, 35.53, 32423
11, fes, 40751095473091.28, 36.14, 33011
11, fes, 40653213815233.40, 36.75, 33582
11, fes, 40590495200127.65, 37.36, 34142
11, fes, 40598162883319.58, 37.97, 34675
11, fes, 40546904207267.64, 38.58, 35207
11, fes, 40448448177599.57, 39.19, 35731
11, fes, 40358729466770.09, 39.80, 36257
11, fes, 40405251947960.83, 40.41, 36764
11, fes, 40407632464998.69, 41.02, 37269
11, fes, 40415823628181.82, 41.63, 37767
11, fes, 40388286427324.93, 42.24, 38263
11, fes, 40484998010013.03, 42.85, 38760
11, fes, 40527002105245.21, 43.46, 39258
11, fes, 40543459105923.36, 44.07, 39739
11, fes, 40534551642371.49, 44.68, 40226
11, fes, 40498562858858.10, 45.29, 40698
11, fes, 40548186958703.07, 45.90, 41185
11, fes, 40595876240761.17, 46.51, 41665
11, fes, 40554977630741.27, 47.12, 42136
11, fes, 40548961880452.04, 47.73, 42608
11, fes, 40587145514184.78, 48.34, 43081
11, fes, 40587148252721.67, 48.95, 43545
11, fes, 40604102801315.03, 49.56, 44008
11, fes, 40634211682485.00, 50.17, 44469
11, fes, 40626526700237.79, 50.78, 44937
11, fes, 40645895920866.12, 51.39, 45400
11, fes, 40609897840862.65, 52.00, 45869
11, fes, 40575203931751.92, 52.61, 46329
11, fes, 40671337636203.92, 53.22, 46788
11, fes, 40638534001385.12, 53.83, 47246
11, fes, 40604340773184.02, 54.44, 47708
11, fes, 40624586019397.71, 55.05, 48174
11, fes, 40588068798999.97, 55.66, 48624
11, fes, 40612084409390.32, 56.27, 49072
11, fes, 40588000710176.18, 56.88, 49523
11, fes, 40575252557780.79, 57.49, 49971
11, fes, 40551154976522.48, 58.10, 50425
11, fes, 40523329015698.92, 58.71, 50872
11, fes, 40505073292503.27, 59.32, 51325
11, fes, 40475090066891.59, 59.93, 51778
12, fes, 80562981650605.22, 0.01, 3
12, fes, 36613867716889.79, 0.62, 453
12, fes, 39503835216683.63, 1.23, 911
12, fes, 40361142927064.24, 1.84, 1360
12, fes, 41412791344548.50, 2.45, 1817
12, fes, 41367422666500.53, 3.06, 2266
12, fes, 41687436805636.82, 3.67, 2718
12, fes, 41624685360383.63, 4.27, 3161
12, fes, 40809212453590.18, 4.87, 3611
12, fes, 41262587583860.04, 5.47, 4053
12, fes, 41583662434109.13, 6.07, 4499
12, fes, 41354960525725.45, 6.67, 4942
12, fes, 40941874488674.28, 7.27, 5385
12, fes, 41264211576917.92, 7.87, 5830
12, fes, 41337443454081.71, 8.47, 6277
12, fes, 41446239835790.52, 9.07, 6721
12, fes, 41404822338800.56, 9.67, 7186
12, fes, 41565716951483.80, 10.27, 7658
12, fes, 41557509531288.27, 10.87, 8137
12, fes, 41269018833494.19, 11.47, 8630
12, fes, 41240914611126.30, 12.07, 9132
12, fes, 41375699594956.60, 12.67, 9638
12, fes, 41568277285119.71, 13.27, 10144
12, fes, 41400671481155.77, 13.87, 10666
12, fes, 41303193060054.84, 14.47, 11197
12, fes, 41179441473382.79, 15.07, 11730
12, fes, 40973342573319.49, 15.67, 12261
12, fes, 40964257506320.86, 16.27, 12794
12, fes, 41041551257874.06, 16.87, 13336
12, fes, 41224038027535.12, 17.47, 13885
12, fes, 41259258500471.92, 18.07, 14426
12, fes, 41114213307741.44, 18.67, 14976
12, fes, 41131508437923.38, 19.27, 15527
12, fes, 41186712536130.26, 19.87, 16075
12, fes, 41134541337082.21, 20.47, 16632
12, fes, 41227381994597.00, 21.07, 17193
12, fes, 41326052742319.80, 21.67, 17745
12, fes, 41211928389712.22, 22.27, 18307
12, fes, 41136217881510.45, 22.87, 18873
12, fes, 41117258958313.81, 23.47, 19436
12, fes, 41219188030720.88, 24.07, 20000
12, fes, 41269655104242.47, 24.67, 20564
12, fes, 41344199323019.52, 25.27, 21125
12, fes, 41425641074715.87, 25.87, 21695
12, fes, 41370463627244.43, 26.47, 22264
12, fes, 41367997309543.77, 27.07, 22838
12, fes, 41311301683058.45, 27.67, 23407
12, fes, 41216632443255.39, 28.27, 23979
12, fes, 41216545122781.83, 28.87, 24545
12, fes, 41260681600245.91, 29.47, 25112
12, fes, 41284489995297.22, 30.07, 25691
12, fes, 41255427087249.32, 30.67, 26262
12, fes, 41214029253012.64, 31.27, 26834
12, fes, 41253255754269.65, 31.87, 27411
12, fes, 41318093687815.00, 32.48, 27991
12, fes, 41230686793324.24, 33.09, 28574
12, fes, 41245463576307.93, 33.70, 29161
12, fes, 41256964443741.46, 34.31, 29751
12, fes, 41143147459551.95, 34.92, 30338
12, fes, 41154598545651.82, 35.53, 30920
12, fes, 41135436507855.97, 36.14, 31506
12, fes, 41147038973937.64, 36.75, 32098
12, fes, 41141855069561.82, 37.36, 32681
12, fes, 41122770582013.26, 37.97, 33269
12, fes, 41051536829133.46, 38.58, 33854
12, fes, 41083345367408.01, 39.19, 34447
12, fes, 41069784097885.44, 39.80, 35041
12, fes, 41120263064131.75, 40.41, 35626
12, fes, 41090198258900.01, 41.02, 36220
12, fes, 41073435843176.62, 41.63, 36803
12, fes, 41084001493776.18, 42.24, 37395
12, fes, 41103816619219.77, 42.85, 37977
12, fes, 41154398573504.18, 43.46, 38547
12, fes, 41125675970756.66, 44.07, 39101
12, fes, 41145894791771.79, 44.68, 39643
12, fes, 41097146805647.26, 45.29, 40166
12, fes, 40997430543931.40, 45.90, 40692
12, fes, 41020557253411.48, 46.51, 41202
12, fes, 40972046834423.34, 47.12, 41713
12, fes, 40946957439504.23, 47.73, 42215
12, fes, 40934323194593.38, 48.34, 42709
12, fes, 40895410045608.06, 48.95, 43204
12, fes, 40866308871618.44, 49.56, 43694
12, fes, 40843679238166.58, 50.17, 44186
12, fes, 40790777767866.03, 50.78, 44666
12, fes, 40796930267361.50, 51.39, 45148
12, fes, 40781894874374.69, 52.00, 45628
12, fes, 40814833672938.99, 52.61, 46114
12, fes, 40849852906339.18, 53.22, 46591
12, fes, 40788515819944.93, 53.83, 47065
12, fes, 40830848076772.39, 54.44, 47537
12, fes, 40907153271839.25, 55.05, 48003
12, fes, 40923905363475.46, 55.66, 48485
12, fes, 40926271647689.56, 56.27, 48945
12, fes, 40948181789357.21, 56.88, 49411
12, fes, 40949246042581.33, 57.49, 49877
12, fes, 40956300858097.75, 58.10, 50333
12, fes, 40970240019656.67, 58.71, 50795
12, fes, 40983423747325.94, 59.32, 51254
12, fes, 40999737475189.58, 59.93, 51711
13, fes, 131412641851058.91, 0.01, 8
13, fes, 41353396636848.08, 0.62, 468
13, fes, 38451821021865.29, 1.23, 917
13, fes, 38630074442943.85, 1.84, 1370
13, fes, 39250163290816.82, 2.45, 1819
13, fes, 40162728129960.49, 3.06, 2268
13, fes, 39513889184918.74, 3.67, 2724
13, fes, 40055267574119.55, 4.27, 3164
13, fes, 39485510493911.74, 4.87, 3609
13, fes, 40150854769007.40, 5.47, 4053
13, fes, 40451475853678.00, 6.07, 4502
13, fes, 40495057313708.75, 6.68, 4948
13, fes, 40801550521153.51, 7.28, 5400
13, fes, 40628393402715.27, 7.88, 5851
13, fes, 40555748779412.63, 8.48, 6294
13, fes, 40206124407581.24, 9.08, 6739
13, fes, 40317722983397.24, 9.68, 7184
13, fes, 40366285550656.19, 10.28, 7624
13, fes, 40280290362204.69, 10.88, 8071
13, fes, 40443622557361.43, 11.48, 8515
13, fes, 40297883145021.93, 12.08, 8957
13, fes, 40155722384481.29, 12.68, 9404
13, fes, 39999006015621.44, 13.28, 9841
13, fes, 40169930255109.36, 13.88, 10287
13, fes, 40239551085239.36, 14.48, 10728
13, fes, 40060284387638.15, 15.08, 11172
13, fes, 40041993472461.45, 15.68, 11619
13, fes, 40098708954046.99, 16.28, 12076
13, fes, 40174222327091.79, 16.88, 12543
13, fes, 40294005598711.17, 17.48, 13020
13, fes, 40380172454347.07, 18.08, 13510
13, fes, 40326090066518.76, 18.68, 14001
13, fes, 40457214590012.72, 19.28, 14500
13, fes, 40577416503221.51, 19.88, 15010
13, fes, 40636745579475.44, 20.48, 15527
13, fes, 40542367953500.61, 21.08, 16047
13, fes, 40598842744564.37, 21.68, 16571
13, fes, 40449431778045.51, 22.28, 17104
13, fes, 40438217856817.83, 22.88, 17643
13, fes, 40528953685808.75, 23.48, 18173
13, fes, 40581202644847.31, 24.08, 18724
13, fes, 40533667419054.90, 24.68, 19263
13, fes, 40553207697087.22, 25.28, 19814
13, fes, 40673695975467.74, 25.88, 20365
13, fes, 40627442598406.95, 26.48, 20909
13, fes, 40536402849502.76, 27.08, 21466
13, fes, 40494144674537.87, 27.68, 22018
13, fes, 40450727959450.88, 28.28, 22580
13, fes, 40544346579914.23, 28.88, 23139
13, fes, 40617490291481.49, 29.48, 23705
13, fes, 40640890574607.62, 30.08, 24265
13, fes, 40707330790778.10, 30.68, 24823
13, fes, 40798541516516.83, 31.28, 25398
13, fes, 40688363779710.33, 31.88, 25959
13, fes, 40580240733785.34, 32.49, 26539
13, fes, 40705361040950.32, 33.10, 27121
13, fes, 40700149302850.39, 33.71, 27691
13, fes, 40632735394158.96, 34.32, 28268
13, fes, 40670698889720.33, 34.93, 28848
13, fes, 40716732610169.94, 35.54, 29428
13, fes, 40684965985539.98, 36.15, 30018
13, fes, 40712449817413.99, 36.76, 30594
13, fes, 40794688738635.72, 37.37, 31172
13, fes, 40727357481002.19, 37.98, 31758
13, fes, 40678973129127.18, 38.59, 32339
13, fes, 40727688557799.71, 39.20, 32921
13, fes, 40672808366291.60, 39.81, 33509
13, fes, 40623247136577.26, 40.42, 34100
13, fes, 40730442049754.72, 41.03, 34677
13, fes, 40729368183541.49, 41.64, 35263
13, fes, 40794147898847.96, 42.25, 35853
13, fes, 40725785404636.09, 42.86, 36437
13, fes, 40707052198088.74, 43.47, 37025
13, fes, 40702706429089.65, 44.08, 37603
13, fes, 40700570157030.27, 44.69, 38191
13, fes, 40764972134622.88, 45.30, 38789
13, fes, 40843242811673.79, 45.91, 39369
13, fes, 40877434657308.47, 46.52, 39960
13, fes, 40886934270134.44, 47.13, 40542
13, fes, 40897631069515.03, 47.74, 41128
13, fes, 40888315445839.87, 48.35, 41719
13, fes, 40953045106378.59, 48.96, 42300
13, fes, 40931858305706.84, 49.57, 42885
13, fes, 40989077517539.71, 50.18, 43465
13, fes, 40962699002112.06, 50.79, 44020
13, fes, 40981224662203.54, 51.40, 44559
13, fes, 40928731441711.76, 52.01, 45084
13, fes, 40971763475495.19, 52.62, 45608
13, fes, 40972357734882.89, 53.23, 46119
13, fes, 40925287045600.42, 53.84, 46623
13, fes, 40936582643743.36, 54.45, 47131
13, fes, 40964009726414.52, 55.06, 47626
13, fes, 40906511129722.44, 55.67, 48126
13, fes, 40877800666072.78, 56.29, 48624
13, fes, 40927427998705.87, 56.90, 49115
13, fes, 40897278538382.61, 57.51, 49607
13, fes, 40872234552549.70, 58.12, 50084
13, fes, 40896558187798.88, 58.73, 50562
13, fes, 40945469917493.42, 59.34, 51044
13, fes, 40889595526525.67, 59.95, 51515
