exp_rep, bfly, algo, time, preprocess_time, iterations
1, fces, 1992038615907.27, 0.01, 237.90, 2
1, fces, 2391873643485.16, 0.62, 237.90, 445
1, fces, 2255607653391.25, 1.23, 237.90, 1090
1, fces, 2154037066014.54, 1.84, 237.90, 1782
1, fces, 2206518394090.47, 2.45, 237.90, 2488
1, fces, 2202368824005.73, 3.06, 237.90, 3196
1, fces, 2235848931657.97, 3.67, 237.90, 3896
1, fces, 2162562656377.50, 4.27, 237.90, 4616
1, fces, 2128833538094.25, 4.87, 237.90, 5331
1, fces, 2145187021665.21, 5.47, 237.90, 6031
1, fces, 2162072641955.19, 6.07, 237.90, 6730
1, fces, 2148083673465.25, 6.67, 237.90, 7442
1, fces, 2134516214073.93, 7.27, 237.90, 8135
1, fces, 2113400974170.15, 7.87, 237.90, 8880
1, fces, 2106354774365.64, 8.47, 237.90, 9589
1, fces, 2101648497333.01, 9.07, 237.90, 10296
1, fces, 2090692040207.98, 9.67, 237.90, 10978
1, fces, 2079350995308.28, 10.27, 237.90, 11710
1, fces, 2064362631068.91, 10.87, 237.90, 12454
1, fces, 2055976914928.62, 11.47, 237.90, 13192
1, fces, 2054961874648.64, 12.07, 237.90, 13924
1, fces, 2037213154264.01, 12.67, 237.90, 14647
1, fces, 2021128083744.70, 13.27, 237.90, 15408
1, fces, 2019966927864.48, 13.87, 237.90, 16114
1, fces, 2013102747709.90, 14.47, 237.90, 16811
1, fces, 2017045993799.34, 15.07, 237.90, 17523
1, fces, 2015749485524.14, 15.67, 237.90, 18231
1, fces, 2014107372225.65, 16.27, 237.90, 18951
1, fces, 2008023410643.73, 16.87, 237.90, 19700
1, fces, 2007206720640.25, 17.47, 237.90, 20442
1, fces, 2007403932771.67, 18.07, 237.90, 21194
1, fces, 2015978259541.80, 18.67, 237.90, 21973
1, fces, 2024536196571.86, 19.27, 237.90, 22734
1, fces, 2027890312526.79, 19.87, 237.90, 23488
1, fces, 2027798941322.20, 20.47, 237.90, 24297
1, fces, 2022938567376.37, 21.07, 237.90, 25069
1, fces, 2020599145173.69, 21.67, 237.90, 25848
1, fces, 2027952880779.38, 22.27, 237.90, 26599
1, fces, 2030773248264.71, 22.87, 237.90, 27374
1, fces, 2022375326323.97, 23.47, 237.90, 28183
1, fces, 2026434343785.50, 24.07, 237.90, 28896
1, fces, 2024978841273.68, 24.67, 237.90, 29657
1, fces, 2018891478594.13, 25.27, 237.90, 30406
1, fces, 2018866616811.31, 25.87, 237.90, 31119
1, fces, 2028100323131.26, 26.47, 237.90, 31857
1, fces, 2025380840521.12, 27.07, 237.90, 32606
1, fces, 2023370066784.37, 27.67, 237.90, 33375
1, fces, 2022678317358.20, 28.27, 237.90, 34155
1, fces, 2020380827002.24, 28.87, 237.90, 34939
1, fces, 2018167129544.83, 29.47, 237.90, 35719
1, fces, 2009231953391.79, 30.07, 237.90, 36505
1, fces, 2007598804665.23, 30.67, 237.90, 37262
1, fces, 2007416282109.98, 31.27, 237.90, 38048
1, fces, 2011053148275.68, 31.87, 237.90, 38819
1, fces, 2007063978322.23, 32.48, 237.90, 39631
1, fces, 2006255241908.60, 33.09, 237.90, 40451
1, fces, 2006437260576.07, 33.70, 237.90, 41246
1, fces, 2011697950396.28, 34.31, 237.90, 42019
1, fces, 2012668131763.81, 34.92, 237.90, 42814
1, fces, 2018078871733.34, 35.53, 237.90, 43590
1, fces, 2022334169285.33, 36.14, 237.90, 44380
1, fces, 2026697693265.71, 36.75, 237.90, 45148
1, fces, 2026182101129.47, 37.36, 237.90, 45936
1, fces, 2028809076652.24, 37.97, 237.90, 46680
1, fces, 2034465741486.57, 38.58, 237.90, 47447
1, fces, 2029655322582.03, 39.19, 237.90, 48218
1, fces, 2028241130270.56, 39.80, 237.90, 49014
1, fces, 2025174473534.05, 40.41, 237.90, 49786
1, fces, 2020834809309.07, 41.02, 237.90, 50555
1, fces, 2021178807125.77, 41.63, 237.90, 51302
1, fces, 2017110410840.00, 42.24, 237.90, 52082
1, fces, 2021314434948.61, 42.85, 237.90, 52854
1, fces, 2020547862116.42, 43.46, 237.90, 53658
1, fces, 2017989203148.03, 44.07, 237.90, 54464
1, fces, 2021266255589.95, 44.68, 237.90, 55250
1, fces, 2021959931755.17, 45.29, 237.90, 56055
1, fces, 2025084205674.88, 45.90, 237.90, 56860
1, fces, 2021107921228.67, 46.51, 237.90, 57696
1, fces, 2021041214088.55, 47.12, 237.90, 58484
1, fces, 2022850688050.04, 47.73, 237.90, 59293
1, fces, 2025846189439.71, 48.34, 237.90, 60047
1, fces, 2023040232045.97, 48.95, 237.90, 60857
1, fces, 2024154125048.42, 49.56, 237.90, 61668
1, fces, 2025899165692.75, 50.17, 237.90, 62454
1, fces, 2025496462455.04, 50.78, 237.90, 63268
1, fces, 2025447232343.22, 51.39, 237.90, 64070
1, fces, 2023440730243.33, 52.00, 237.90, 64883
1, fces, 2022898759663.86, 52.61, 237.90, 65686
1, fces, 2022619016429.83, 53.22, 237.90, 66484
1, fces, 2023217213696.80, 53.83, 237.90, 67237
1, fces, 2023923323355.11, 54.44, 237.90, 67996
1, fces, 2023627716255.00, 55.05, 237.90, 68804
1, fces, 2022955328989.89, 55.66, 237.90, 69593
1, fces, 2024151994902.50, 56.27, 237.90, 70412
1, fces, 2025968543615.16, 56.88, 237.90, 71225
1, fces, 2028394298647.31, 57.49, 237.90, 72018
1, fces, 2028328408454.32, 58.10, 237.90, 72820
1, fces, 2028018731234.48, 58.71, 237.90, 73614
1, fces, 2028723259992.75, 59.32, 237.90, 74387
1, fces, 2030092530886.02, 59.93, 237.90, 75155
2, fces, 2102457129720.92, 0.01, 0.00, 18
2, fces, 2355580890646.99, 0.62, 0.00, 737
2, fces, 2207557166843.22, 1.23, 0.00, 1502
2, fces, 2150251774820.33, 1.84, 0.00, 2234
2, fces, 2163542030198.99, 2.45, 0.00, 2945
2, fces, 2187552421787.97, 3.06, 0.00, 3632
2, fces, 2119019562850.50, 3.67, 0.00, 4357
2, fces, 2063467924588.09, 4.27, 0.00, 5092
2, fces, 2106095491416.16, 4.87, 0.00, 5776
2, fces, 2112894223644.61, 5.47, 0.00, 6483
2, fces, 2101207486737.04, 6.07, 0.00, 7213
2, fces, 2108604276045.38, 6.67, 0.00, 7932
2, fces, 2091197002847.72, 7.27, 0.00, 8676
2, fces, 2084744470720.42, 7.87, 0.00, 9421
2, fces, 2078674770649.35, 8.47, 0.00, 10140
2, fces, 2090965593957.10, 9.07, 0.00, 10854
2, fces, 2074111178570.05, 9.67, 0.00, 11560
2, fces, 2064783809286.51, 10.27, 0.00, 12321
2, fces, 2054536201887.89, 10.87, 0.00, 13095
2, fces, 2037887492661.40, 11.47, 0.00, 13845
2, fces, 2036528721087.31, 12.07, 0.00, 14589
2, fces, 2047972106632.12, 12.67, 0.00, 15321
2, fces, 2048138297568.80, 13.27, 0.00, 15996
2, fces, 2050739301049.39, 13.87, 0.00, 16709
2, fces, 2043329303102.26, 14.47, 0.00, 17430
2, fces, 2039441246832.52, 15.07, 0.00, 18137
2, fces, 2033889435953.79, 15.67, 0.00, 18872
2, fces, 2035442511605.46, 16.27, 0.00, 19628
2, fces, 2041618892540.19, 16.87, 0.00, 20382
2, fces, 2038069382465.06, 17.47, 0.00, 21144
2, fces, 2037560549811.28, 18.07, 0.00, 21938
2, fces, 2042695176967.35, 18.67, 0.00, 22743
2, fces, 2048038434802.32, 19.27, 0.00, 23526
2, fces, 2042126393923.99, 19.87, 0.00, 24309
2, fces, 2034419675172.33, 20.47, 0.00, 25084
2, fces, 2034758346151.69, 21.07, 0.00, 25886
2, fces, 2028804515643.90, 21.67, 0.00, 26685
2, fces, 2026713545684.66, 22.27, 0.00, 27445
2, fces, 2034861440828.63, 22.87, 0.00, 28180
2, fces, 2032980393166.57, 23.47, 0.00, 28933
2, fces, 2034982550415.84, 24.07, 0.00, 29700
2, fces, 2034884692881.33, 24.67, 0.00, 30440
2, fces, 2032677552738.51, 25.27, 0.00, 31176
2, fces, 2033960116080.12, 25.87, 0.00, 31899
2, fces, 2035592470326.34, 26.47, 0.00, 32650
2, fces, 2034353466624.70, 27.07, 0.00, 33403
2, fces, 2036201329643.68, 27.67, 0.00, 34170
2, fces, 2036216761942.79, 28.27, 0.00, 34916
2, fces, 2031687946431.36, 28.87, 0.00, 35712
2, fces, 2032352011293.68, 29.47, 0.00, 36517
2, fces, 2035199250088.52, 30.07, 0.00, 37269
2, fces, 2029895397267.43, 30.67, 0.00, 38052
2, fces, 2030560162288.39, 31.27, 0.00, 38833
2, fces, 2032054636308.07, 31.87, 0.00, 39630
2, fces, 2036782085539.28, 32.48, 0.00, 40408
2, fces, 2037715013203.35, 33.09, 0.00, 41224
2, fces, 2043302955345.05, 33.70, 0.00, 41980
2, fces, 2048616701170.98, 34.31, 0.00, 42730
2, fces, 2050408365991.98, 34.92, 0.00, 43490
2, fces, 2050283837658.29, 35.53, 0.00, 44227
2, fces, 2047725173619.14, 36.14, 0.00, 45047
2, fces, 2048629400875.48, 36.75, 0.00, 45787
2, fces, 2046661630570.65, 37.36, 0.00, 46541
2, fces, 2053442501542.93, 37.97, 0.00, 47290
2, fces, 2049036759874.33, 38.58, 0.00, 48068
2, fces, 2041092890065.54, 39.19, 0.00, 48863
2, fces, 2037009838478.92, 39.80, 0.00, 49671
2, fces, 2042163653752.21, 40.41, 0.00, 50447
2, fces, 2042137143697.12, 41.02, 0.00, 51213
2, fces, 2041257641560.20, 41.63, 0.00, 52031
2, fces, 2042148946144.55, 42.24, 0.00, 52825
2, fces, 2044074071442.04, 42.85, 0.00, 53589
2, fces, 2044387013661.60, 43.46, 0.00, 54372
2, fces, 2041488939853.50, 44.07, 0.00, 55176
2, fces, 2047383205418.70, 44.68, 0.00, 55993
2, fces, 2045330542155.70, 45.29, 0.00, 56799
2, fces, 2043965194346.61, 45.90, 0.00, 57597
2, fces, 2044191799698.34, 46.51, 0.00, 58393
2, fces, 2045123230425.67, 47.12, 0.00, 59195
2, fces, 2045122599520.32, 47.73, 0.00, 60002
2, fces, 2043999102854.78, 48.34, 0.00, 60818
2, fces, 2049265478744.36, 48.95, 0.00, 61597
2, fces, 2049773256989.78, 49.56, 0.00, 62362
2, fces, 2048428402595.70, 50.17, 0.00, 63156
2, fces, 2047215445433.62, 50.78, 0.00, 63964
2, fces, 2043980430453.81, 51.39, 0.00, 64776
2, fces, 2043815445700.76, 52.00, 0.00, 65557
2, fces, 2039712712010.31, 52.61, 0.00, 66387
2, fces, 2039014812053.19, 53.22, 0.00, 67188
2, fces, 2036103034882.52, 53.83, 0.00, 68028
2, fces, 2033750272323.94, 54.44, 0.00, 68869
2, fces, 2032342194347.16, 55.05, 0.00, 69647
2, fces, 2033194474098.26, 55.66, 0.00, 70376
2, fces, 2031569744536.63, 56.27, 0.00, 71135
2, fces, 2029804317852.78, 56.88, 0.00, 71877
2, fces, 2033340818017.52, 57.49, 0.00, 72593
2, fces, 2035292091717.26, 58.10, 0.00, 73297
2, fces, 2033661756187.53, 58.71, 0.00, 74041
2, fces, 2029556368053.22, 59.32, 0.00, 74783
2, fces, 2031119611930.40, 59.93, 0.00, 75510
3, fces, 890630243362.04, 0.01, 0.00, 11
3, fces, 2046043230542.90, 0.62, 0.00, 715
3, fces, 2067563094106.71, 1.23, 0.00, 1422
3, fces, 2036448219926.40, 1.84, 0.00, 2138
3, fces, 2127925039168.61, 2.45, 0.00, 2847
3, fces, 2077827988748.94, 3.06, 0.00, 3565
3, fces, 2087674144598.84, 3.67, 0.00, 4292
3, fces, 2082189663670.66, 4.27, 0.00, 4985
3, fces, 2064384932171.92, 4.87, 0.00, 5697
3, fces, 2054955745243.64, 5.47, 0.00, 6448
3, fces, 2041142248478.17, 6.07, 0.00, 7229
3, fces, 2038188960713.27, 6.67, 0.00, 7984
3, fces, 2032144102938.56, 7.27, 0.00, 8742
3, fces, 2021676390397.96, 7.87, 0.00, 9475
3, fces, 2022268747030.02, 8.47, 0.00, 10212
3, fces, 2012725208006.85, 9.07, 0.00, 10919
3, fces, 2029611417274.02, 9.67, 0.00, 11621
3, fces, 2019646557719.55, 10.27, 0.00, 12311
3, fces, 2032370939999.30, 10.87, 0.00, 13017
3, fces, 2021914800692.03, 11.47, 0.00, 13755
3, fces, 2019340700074.95, 12.07, 0.00, 14506
3, fces, 2015214127965.56, 12.67, 0.00, 15281
3, fces, 2023298879858.59, 13.27, 0.00, 16083
3, fces, 2029735462729.89, 13.87, 0.00, 16839
3, fces, 2032085670171.24, 14.47, 0.00, 17664
3, fces, 2040168690740.32, 15.07, 0.00, 18425
3, fces, 2037752551815.20, 15.67, 0.00, 19216
3, fces, 2038709032340.36, 16.27, 0.00, 19999
3, fces, 2034546592026.90, 16.87, 0.00, 20778
3, fces, 2037323952525.64, 17.47, 0.00, 21561
3, fces, 2038452327975.89, 18.07, 0.00, 22336
3, fces, 2040826431503.59, 18.67, 0.00, 23122
3, fces, 2029248661644.89, 19.27, 0.00, 23866
3, fces, 2034462694381.60, 19.87, 0.00, 24577
3, fces, 2032491492104.89, 20.47, 0.00, 25320
3, fces, 2028417342146.33, 21.07, 0.00, 26066
3, fces, 2018630087251.71, 21.67, 0.00, 26846
3, fces, 2017212364583.73, 22.27, 0.00, 27604
3, fces, 2022347379883.72, 22.87, 0.00, 28349
3, fces, 2026786720856.72, 23.47, 0.00, 29101
3, fces, 2030557806274.29, 24.07, 0.00, 29891
3, fces, 2026990101908.75, 24.67, 0.00, 30683
3, fces, 2036394382425.77, 25.27, 0.00, 31471
3, fces, 2043405563778.20, 25.87, 0.00, 32245
3, fces, 2047637034378.20, 26.47, 0.00, 33016
3, fces, 2051145867343.89, 27.07, 0.00, 33801
3, fces, 2052984303919.70, 27.67, 0.00, 34556
3, fces, 2053215005607.30, 28.27, 0.00, 35327
3, fces, 2051463117514.59, 28.87, 0.00, 36107
3, fces, 2051050993787.27, 29.47, 0.00, 36879
3, fces, 2054212820191.75, 30.07, 0.00, 37645
3, fces, 2053715284043.60, 30.67, 0.00, 38418
3, fces, 2053198905143.95, 31.27, 0.00, 39142
3, fces, 2047232523278.69, 31.87, 0.00, 39922
3, fces, 2046954469120.80, 32.48, 0.00, 40704
3, fces, 2044139815340.53, 33.09, 0.00, 41482
3, fces, 2042016431152.64, 33.70, 0.00, 42237
3, fces, 2035534746476.93, 34.31, 0.00, 43021
3, fces, 2036076377091.46, 34.92, 0.00, 43773
3, fces, 2035309159977.11, 35.53, 0.00, 44549
3, fces, 2032440947954.62, 36.14, 0.00, 45336
3, fces, 2030510057197.44, 36.75, 0.00, 46143
3, fces, 2031664665331.46, 37.36, 0.00, 46952
3, fces, 2031840276525.49, 37.97, 0.00, 47779
3, fces, 2027808872966.54, 38.58, 0.00, 48573
3, fces, 2022414200679.39, 39.19, 0.00, 49385
3, fces, 2025028974910.01, 39.80, 0.00, 50210
3, fces, 2021480329687.44, 40.41, 0.00, 51029
3, fces, 2022748581591.84, 41.02, 0.00, 51845
3, fces, 2019071427401.23, 41.63, 0.00, 52634
3, fces, 2016043336539.62, 42.24, 0.00, 53489
3, fces, 2013306893084.79, 42.85, 0.00, 54306
3, fces, 2010267778699.11, 43.46, 0.00, 55127
3, fces, 2015384266407.20, 44.07, 0.00, 55911
3, fces, 2011678832760.23, 44.68, 0.00, 56685
3, fces, 2014441099727.16, 45.29, 0.00, 57421
3, fces, 2015748974237.87, 45.90, 0.00, 58212
3, fces, 2015304294854.82, 46.51, 0.00, 59030
3, fces, 2015588304241.79, 47.12, 0.00, 59815
3, fces, 2013086701233.61, 47.73, 0.00, 60629
3, fces, 2014325533446.60, 48.34, 0.00, 61438
3, fces, 2011084535793.67, 48.95, 0.00, 62237
3, fces, 2009300741952.39, 49.56, 0.00, 63044
3, fces, 2009283186810.47, 50.17, 0.00, 63859
3, fces, 2012017634079.59, 50.78, 0.00, 64649
3, fces, 2011507256595.73, 51.39, 0.00, 65405
3, fces, 2010256613259.80, 52.00, 0.00, 66151
3, fces, 2010218299338.17, 52.61, 0.00, 66876
3, fces, 2010233604664.11, 53.22, 0.00, 67604
3, fces, 2010614156049.88, 53.83, 0.00, 68348
3, fces, 2009081107572.84, 54.44, 0.00, 69085
3, fces, 2011701215595.57, 55.05, 0.00, 69764
3, fces, 2008175526344.68, 55.66, 0.00, 70491
3, fces, 2007208123361.11, 56.27, 0.00, 71221
3, fces, 2006354871009.28, 56.88, 0.00, 71997
3, fces, 2005102555358.10, 57.49, 0.00, 72711
3, fces, 2007220480269.34, 58.10, 0.00, 73422
3, fces, 2008144767660.77, 58.71, 0.00, 74146
3, fces, 2010506102644.79, 59.32, 0.00, 74853
3, fces, 2012515493031.90, 59.93, 0.00, 75558
4, fces, 956107037710.88, 0.01, 0.00, 13
4, fces, 1877134893089.45, 0.62, 0.00, 758
4, fces, 1943469399701.79, 1.23, 0.00, 1515
4, fces, 1938628134974.46, 1.84, 0.00, 2315
4, fces, 1949467192597.33, 2.45, 0.00, 3072
4, fces, 2004484943288.59, 3.06, 0.00, 3824
4, fces, 2025955397559.57, 3.67, 0.00, 4549
4, fces, 2044245085792.49, 4.27, 0.00, 5264
4, fces, 2054764060921.65, 4.87, 0.00, 5993
4, fces, 2041462303879.30, 5.47, 0.00, 6674
4, fces, 2032796534665.42, 6.07, 0.00, 7387
4, fces, 2039779179992.96, 6.67, 0.00, 8089
4, fces, 2041831217745.09, 7.27, 0.00, 8833
4, fces, 2049601028194.78, 7.87, 0.00, 9562
4, fces, 2053194628563.92, 8.47, 0.00, 10347
4, fces, 2064606581277.89, 9.07, 0.00, 11153
4, fces, 2063621639815.96, 9.67, 0.00, 11964
4, fces, 2054492107424.26, 10.27, 0.00, 12814
4, fces, 2058227132305.59, 10.87, 0.00, 13597
4, fces, 2044820720645.10, 11.47, 0.00, 14379
4, fces, 2042727604534.07, 12.07, 0.00, 15152
4, fces, 2051833764933.92, 12.67, 0.00, 15935
4, fces, 2057865346475.82, 13.27, 0.00, 16660
4, fces, 2042750954688.66, 13.87, 0.00, 17430
4, fces, 2049229687751.11, 14.47, 0.00, 18172
4, fces, 2054932422207.91, 15.07, 0.00, 18905
4, fces, 2056283793701.18, 15.67, 0.00, 19645
4, fces, 2062981447565.69, 16.27, 0.00, 20394
4, fces, 2063902320014.32, 16.87, 0.00, 21121
4, fces, 2063522685068.05, 17.47, 0.00, 21912
4, fces, 2060481427472.96, 18.07, 0.00, 22673
4, fces, 2059891486753.04, 18.67, 0.00, 23406
4, fces, 2061235595958.70, 19.27, 0.00, 24183
4, fces, 2074138364859.01, 19.87, 0.00, 24965
4, fces, 2074392684180.60, 20.47, 0.00, 25754
4, fces, 2079773802333.37, 21.07, 0.00, 26537
4, fces, 2081963861984.43, 21.67, 0.00, 27326
4, fces, 2078710437320.23, 22.27, 0.00, 28117
4, fces, 2078735341966.90, 22.87, 0.00, 28913
4, fces, 2078248548925.18, 23.47, 0.00, 29692
4, fces, 2080948052785.08, 24.07, 0.00, 30497
4, fces, 2084070767098.62, 24.67, 0.00, 31233
4, fces, 2085086114360.82, 25.27, 0.00, 31995
4, fces, 2079860546719.35, 25.87, 0.00, 32762
4, fces, 2075945716244.82, 26.47, 0.00, 33527
4, fces, 2076002051589.93, 27.07, 0.00, 34277
4, fces, 2072997282398.52, 27.67, 0.00, 35049
4, fces, 2065996059838.05, 28.27, 0.00, 35825
4, fces, 2065500577420.09, 28.87, 0.00, 36579
4, fces, 2073257739981.19, 29.47, 0.00, 37314
4, fces, 2075645691881.54, 30.07, 0.00, 38036
4, fces, 2074470081876.57, 30.67, 0.00, 38803
4, fces, 2069001128514.52, 31.27, 0.00, 39576
4, fces, 2075368077651.81, 31.87, 0.00, 40322
4, fces, 2072929869058.34, 32.48, 0.00, 41148
4, fces, 2063194510458.60, 33.09, 0.00, 41958
4, fces, 2061764970027.87, 33.70, 0.00, 42728
4, fces, 2055817648433.03, 34.31, 0.00, 43556
4, fces, 2057012404095.87, 34.92, 0.00, 44337
4, fces, 2055852691553.28, 35.53, 0.00, 45145
4, fces, 2055880192083.20, 36.14, 0.00, 45964
4, fces, 2054357313731.20, 36.75, 0.00, 46761
4, fces, 2054582628370.73, 37.36, 0.00, 47581
4, fces, 2054686982130.77, 37.97, 0.00, 48383
4, fces, 2049912229725.27, 38.58, 0.00, 49216
4, fces, 2052654621728.85, 39.19, 0.00, 49982
4, fces, 2050566573946.72, 39.80, 0.00, 50824
4, fces, 2055195745778.63, 40.41, 0.00, 51582
4, fces, 2052296032992.87, 41.02, 0.00, 52364
4, fces, 2057406097871.77, 41.63, 0.00, 53184
4, fces, 2055540884226.32, 42.24, 0.00, 54029
4, fces, 2053646844971.96, 42.85, 0.00, 54863
4, fces, 2056063751263.96, 43.46, 0.00, 55630
4, fces, 2052819007258.46, 44.07, 0.00, 56449
4, fces, 2050212807032.48, 44.68, 0.00, 57284
4, fces, 2052642295501.81, 45.29, 0.00, 58065
4, fces, 2052731139328.60, 45.90, 0.00, 58849
4, fces, 2054613373192.13, 46.51, 0.00, 59630
4, fces, 2055788446196.40, 47.12, 0.00, 60367
4, fces, 2055756265343.28, 47.73, 0.00, 61101
4, fces, 2054574453240.46, 48.34, 0.00, 61811
4, fces, 2052755630685.32, 48.95, 0.00, 62551
4, fces, 2052974265032.48, 49.56, 0.00, 63260
4, fces, 2050601479666.21, 50.17, 0.00, 64014
4, fces, 2054885504420.49, 50.78, 0.00, 64687
4, fces, 2052427864292.15, 51.39, 0.00, 65434
4, fces, 2050614574476.39, 52.00, 0.00, 66176
4, fces, 2051682032512.10, 52.61, 0.00, 66862
4, fces, 2052558275576.31, 53.22, 0.00, 67613
4, fces, 2052201648201.27, 53.83, 0.00, 68375
4, fces, 2050804548859.42, 54.44, 0.00, 69119
4, fces, 2053897509655.03, 55.05, 0.00, 69825
4, fces, 2052843808056.00, 55.66, 0.00, 70558
4, fces, 2051132303393.12, 56.27, 0.00, 71328
4, fces, 2051776640447.00, 56.88, 0.00, 72111
4, fces, 2056243213622.17, 57.49, 0.00, 72853
4, fces, 2055266735475.50, 58.10, 0.00, 73592
4, fces, 2055561557569.43, 58.71, 0.00, 74315
4, fces, 2057933006428.45, 59.32, 0.00, 75048
4, fces, 2057143403518.77, 59.93, 0.00, 75785
5, fces, 539150093266.65, 0.01, 0.00, 11
5, fces, 1972055791981.09, 0.62, 0.00, 729
5, fces, 1925254494790.21, 1.23, 0.00, 1466
5, fces, 2016196650126.28, 1.84, 0.00, 2194
5, fces, 2048442871781.30, 2.45, 0.00, 2934
5, fces, 2070645353573.41, 3.06, 0.00, 3683
5, fces, 2039076666823.11, 3.67, 0.00, 4482
5, fces, 2022163393476.03, 4.27, 0.00, 5265
5, fces, 2006532719037.29, 4.87, 0.00, 6042
5, fces, 1995692437367.18, 5.47, 0.00, 6820
5, fces, 2016063731460.49, 6.07, 0.00, 7593
5, fces, 2012664622846.21, 6.67, 0.00, 8360
5, fces, 2026064024707.29, 7.27, 0.00, 9136
5, fces, 2016207829719.49, 7.87, 0.00, 9919
5, fces, 1996276120297.55, 8.47, 0.00, 10700
5, fces, 2009596638234.73, 9.07, 0.00, 11476
5, fces, 1987861495426.29, 9.67, 0.00, 12229
5, fces, 2007809003447.65, 10.27, 0.00, 12961
5, fces, 2007941481054.12, 10.87, 0.00, 13676
5, fces, 2015451812072.40, 11.47, 0.00, 14412
5, fces, 2019010306368.83, 12.07, 0.00, 15126
5, fces, 2026690466109.91, 12.67, 0.00, 15859
5, fces, 2019624484385.61, 13.27, 0.00, 16587
5, fces, 2042273830221.94, 13.87, 0.00, 17344
5, fces, 2036225437610.13, 14.47, 0.00, 18102
5, fces, 2035545494794.64, 15.07, 0.00, 18911
5, fces, 2021984400904.10, 15.67, 0.00, 19718
5, fces, 2029237282053.43, 16.27, 0.00, 20473
5, fces, 2031845569688.68, 16.87, 0.00, 21229
5, fces, 2039234531221.74, 17.47, 0.00, 22011
5, fces, 2034554096328.99, 18.07, 0.00, 22815
5, fces, 2031085756078.64, 18.67, 0.00, 23600
5, fces, 2034636735990.40, 19.27, 0.00, 24413
5, fces, 2038036542396.93, 19.87, 0.00, 25206
5, fces, 2032872844120.37, 20.47, 0.00, 26020
5, fces, 2035650682492.65, 21.07, 0.00, 26766
5, fces, 2036466121363.86, 21.67, 0.00, 27522
5, fces, 2036831253948.57, 22.27, 0.00, 28293
5, fces, 2041784530355.33, 22.87, 0.00, 29032
5, fces, 2042997724042.94, 23.47, 0.00, 29766
5, fces, 2038958415945.77, 24.07, 0.00, 30545
5, fces, 2034100939624.35, 24.67, 0.00, 31313
5, fces, 2035337515843.67, 25.27, 0.00, 32065
5, fces, 2032692861757.76, 25.87, 0.00, 32852
5, fces, 2032563430622.70, 26.47, 0.00, 33611
5, fces, 2032779797619.86, 27.07, 0.00, 34362
5, fces, 2033732003206.79, 27.67, 0.00, 35140
5, fces, 2038394043938.55, 28.27, 0.00, 35909
5, fces, 2039955227455.72, 28.87, 0.00, 36700
5, fces, 2033987602504.51, 29.47, 0.00, 37495
5, fces, 2031756199919.64, 30.07, 0.00, 38274
5, fces, 2032015233805.17, 30.67, 0.00, 39092
5, fces, 2025919168160.31, 31.27, 0.00, 39888
5, fces, 2025093913598.07, 31.87, 0.00, 40717
5, fces, 2024064592626.87, 32.48, 0.00, 41504
5, fces, 2022700470723.70, 33.09, 0.00, 42296
5, fces, 2028964741294.01, 33.70, 0.00, 43090
5, fces, 2035439542979.64, 34.31, 0.00, 43891
5, fces, 2038063876398.24, 34.92, 0.00, 44708
5, fces, 2042031762172.37, 35.53, 0.00, 45518
5, fces, 2043200319920.70, 36.14, 0.00, 46277
5, fces, 2042758296044.08, 36.75, 0.00, 47063
5, fces, 2044418207492.21, 37.36, 0.00, 47865
5, fces, 2041037186120.78, 37.97, 0.00, 48676
5, fces, 2040352670302.65, 38.58, 0.00, 49459
5, fces, 2042939071053.52, 39.19, 0.00, 50293
5, fces, 2042175206285.52, 39.80, 0.00, 51106
5, fces, 2039099858984.53, 40.41, 0.00, 51893
5, fces, 2035751157579.08, 41.02, 0.00, 52716
5, fces, 2036283248353.67, 41.63, 0.00, 53520
5, fces, 2037808473995.14, 42.24, 0.00, 54278
5, fces, 2040788250571.01, 42.85, 0.00, 55034
5, fces, 2039949363213.51, 43.46, 0.00, 55748
5, fces, 2039823844052.72, 44.07, 0.00, 56497
5, fces, 2037606506763.06, 44.68, 0.00, 57224
5, fces, 2038134041412.71, 45.29, 0.00, 57951
5, fces, 2039094483941.22, 45.90, 0.00, 58666
5, fces, 2042098679802.26, 46.51, 0.00, 59366
5, fces, 2039622499275.89, 47.12, 0.00, 60099
5, fces, 2040315410566.79, 47.73, 0.00, 60831
5, fces, 2042650811387.73, 48.34, 0.00, 61544
5, fces, 2044178793836.04, 48.95, 0.00, 62286
5, fces, 2039483956577.38, 49.57, 0.00, 63035
5, fces, 2039318323684.18, 50.18, 0.00, 63790
5, fces, 2037242555539.43, 50.79, 0.00, 64503
5, fces, 2040300227197.29, 51.40, 0.00, 65232
5, fces, 2039059967659.13, 52.01, 0.00, 66032
5, fces, 2038612973265.33, 52.62, 0.00, 66820
5, fces, 2035775154122.00, 53.23, 0.00, 67589
5, fces, 2038199973090.51, 53.84, 0.00, 68318
5, fces, 2041086353798.00, 54.45, 0.00, 69042
5, fces, 2038644348766.41, 55.06, 0.00, 69779
5, fces, 2038432535221.72, 55.67, 0.00, 70517
5, fces, 2036869110884.82, 56.28, 0.00, 71239
5, fces, 2035769881097.90, 56.89, 0.00, 71962
5, fces, 2035988596238.67, 57.50, 0.00, 72712
5, fces, 2038408481253.35, 58.11, 0.00, 73471
5, fces, 2039027111348.35, 58.72, 0.00, 74201
5, fces, 2038168221374.65, 59.33, 0.00, 75006
5, fces, 2038779457613.72, 59.94, 0.00, 75776
6, fces, 1020218773480.10, 0.01, 0.00, 15
6, fces, 1856599947236.90, 0.62, 0.00, 827
6, fces, 2062594180787.09, 1.23, 0.00, 1625
6, fces, 2198808955445.73, 1.84, 0.00, 2381
6, fces, 2132667660276.58, 2.45, 0.00, 3194
6, fces, 2086463383002.03, 3.06, 0.00, 4014
6, fces, 2047573085749.52, 3.67, 0.00, 4802
6, fces, 2028470908752.00, 4.27, 0.00, 5581
6, fces, 2045996752026.70, 4.87, 0.00, 6311
6, fces, 2021551821097.15, 5.47, 0.00, 7074
6, fces, 2017784711958.34, 6.07, 0.00, 7822
6, fces, 2002981096191.20, 6.67, 0.00, 8593
6, fces, 1993667785863.15, 7.27, 0.00, 9329
6, fces, 2002754774937.81, 7.87, 0.00, 10087
6, fces, 2020147780325.96, 8.47, 0.00, 10818
6, fces, 2008416748005.54, 9.07, 0.00, 11600
6, fces, 2001720130085.88, 9.67, 0.00, 12349
6, fces, 2011741957917.05, 10.27, 0.00, 13114
6, fces, 1989777783693.17, 10.87, 0.00, 13936
6, fces, 2019093864045.94, 11.47, 0.00, 14673
6, fces, 2029149314951.83, 12.07, 0.00, 15451
6, fces, 2029005112368.16, 12.67, 0.00, 16239
6, fces, 2038053574166.48, 13.27, 0.00, 17016
6, fces, 2021359671495.45, 13.87, 0.00, 17829
6, fces, 2028133965529.50, 14.47, 0.00, 18630
6, fces, 2033216385968.27, 15.07, 0.00, 19423
6, fces, 2035074996587.14, 15.67, 0.00, 20176
6, fces, 2032280727578.94, 16.27, 0.00, 20945
6, fces, 2027161708358.65, 16.87, 0.00, 21704
6, fces, 2021077103341.34, 17.47, 0.00, 22456
6, fces, 2024198879627.57, 18.07, 0.00, 23208
6, fces, 2027317149016.20, 18.67, 0.00, 23930
6, fces, 2034387888760.55, 19.27, 0.00, 24695
6, fces, 2034306877016.89, 19.87, 0.00, 25439
6, fces, 2043575637397.39, 20.47, 0.00, 26199
6, fces, 2043956522538.32, 21.07, 0.00, 26937
6, fces, 2039509773879.27, 21.67, 0.00, 27705
6, fces, 2032675463820.66, 22.27, 0.00, 28504
6, fces, 2030529975131.98, 22.87, 0.00, 29296
6, fces, 2025887388036.03, 23.47, 0.00, 30088
6, fces, 2023474649739.86, 24.07, 0.00, 30894
6, fces, 2016946269758.73, 24.67, 0.00, 31687
6, fces, 2021951689468.53, 25.27, 0.00, 32485
6, fces, 2015948308449.89, 25.87, 0.00, 33278
6, fces, 2016795766224.76, 26.47, 0.00, 34088
6, fces, 2024036121882.07, 27.07, 0.00, 34863
6, fces, 2022654909453.13, 27.67, 0.00, 35681
6, fces, 2017743399051.59, 28.27, 0.00, 36454
6, fces, 2023446742260.36, 28.87, 0.00, 37236
6, fces, 2026699202033.07, 29.47, 0.00, 38018
6, fces, 2027661387979.65, 30.07, 0.00, 38807
6, fces, 2028121183760.21, 30.67, 0.00, 39593
6, fces, 2028479079029.59, 31.27, 0.00, 40339
6, fces, 2034231825390.63, 31.87, 0.00, 41112
6, fces, 2032681715690.67, 32.48, 0.00, 41936
6, fces, 2033474957728.44, 33.09, 0.00, 42746
6, fces, 2038186173217.35, 33.70, 0.00, 43536
6, fces, 2036540000410.16, 34.31, 0.00, 44362
6, fces, 2040875572554.64, 34.92, 0.00, 45155
6, fces, 2041404880535.74, 35.53, 0.00, 45963
6, fces, 2039401952808.37, 36.14, 0.00, 46767
6, fces, 2040905836225.59, 36.75, 0.00, 47549
6, fces, 2036208205003.75, 37.36, 0.00, 48315
6, fces, 2034193186596.09, 37.97, 0.00, 49074
6, fces, 2033547175110.85, 38.58, 0.00, 49821
6, fces, 2033459473226.57, 39.19, 0.00, 50542
6, fces, 2034910595109.43, 39.80, 0.00, 51260
6, fces, 2036278297461.56, 40.41, 0.00, 52030
6, fces, 2033942277002.33, 41.02, 0.00, 52751
6, fces, 2033685766806.84, 41.63, 0.00, 53471
6, fces, 2032112186145.01, 42.24, 0.00, 54214
6, fces, 2034296745516.20, 42.85, 0.00, 54929
6, fces, 2031608686265.09, 43.46, 0.00, 55654
6, fces, 2030723225599.86, 44.07, 0.00, 56383
6, fces, 2030622368349.14, 44.68, 0.00, 57128
6, fces, 2029618677959.44, 45.29, 0.00, 57874
6, fces, 2029313658332.68, 45.90, 0.00, 58611
6, fces, 2029346267428.51, 46.51, 0.00, 59368
6, fces, 2028119537050.31, 47.12, 0.00, 60135
6, fces, 2027167013441.49, 47.73, 0.00, 60904
6, fces, 2025681657769.47, 48.34, 0.00, 61686
6, fces, 2023175337664.77, 48.95, 0.00, 62442
6, fces, 2025438433739.54, 49.56, 0.00, 63165
6, fces, 2025038849400.37, 50.17, 0.00, 63890
6, fces, 2023361671036.80, 50.78, 0.00, 64616
6, fces, 2022275387394.74, 51.39, 0.00, 65322
6, fces, 2020436419799.87, 52.00, 0.00, 66049
6, fces, 2019706471246.56, 52.61, 0.00, 66811
6, fces, 2020933475910.88, 53.22, 0.00, 67553
6, fces, 2025425713516.85, 53.83, 0.00, 68312
6, fces, 2025439115429.51, 54.44, 0.00, 69090
6, fces, 2024648195468.42, 55.05, 0.00, 69865
6, fces, 2022701487174.14, 55.66, 0.00, 70678
6, fces, 2023476720693.82, 56.27, 0.00, 71484
6, fces, 2027324848586.93, 56.88, 0.00, 72280
6, fces, 2026403374352.43, 57.49, 0.00, 73082
6, fces, 2028837912424.59, 58.10, 0.00, 73840
6, fces, 2029657581778.86, 58.71, 0.00, 74635
6, fces, 2028856254282.79, 59.32, 0.00, 75422
6, fces, 2028177455216.77, 59.93, 0.00, 76208
7, fces, 2269676957334.85, 0.01, 0.00, 12
7, fces, 2063785555433.32, 0.62, 0.00, 834
7, fces, 1952459735762.66, 1.23, 0.00, 1593
7, fces, 1952996382859.48, 1.84, 0.00, 2350
7, fces, 1981617318918.22, 2.45, 0.00, 3108
7, fces, 1988781186451.17, 3.06, 0.00, 3853
7, fces, 1994738367263.48, 3.67, 0.00, 4609
7, fces, 2012447315396.11, 4.27, 0.00, 5366
7, fces, 2036356207257.31, 4.87, 0.00, 6123
7, fces, 2023108967453.19, 5.47, 0.00, 6925
7, fces, 2038450311578.89, 6.07, 0.00, 7668
7, fces, 2021393359081.58, 6.67, 0.00, 8470
7, fces, 2015440531116.92, 7.27, 0.00, 9263
7, fces, 2027057652959.03, 7.87, 0.00, 10019
7, fces, 2031445428595.56, 8.47, 0.00, 10798
7, fces, 2052616881722.97, 9.07, 0.00, 11571
7, fces, 2040197467541.13, 9.67, 0.00, 12364
7, fces, 2042891115432.97, 10.27, 0.00, 13150
7, fces, 2040691818516.50, 10.87, 0.00, 13928
7, fces, 2037173046713.89, 11.47, 0.00, 14663
7, fces, 2041600149199.76, 12.07, 0.00, 15423
7, fces, 2032429091368.52, 12.67, 0.00, 16212
7, fces, 2042238004541.40, 13.27, 0.00, 16938
7, fces, 2053504834443.02, 13.87, 0.00, 17692
7, fces, 2046055597458.72, 14.47, 0.00, 18438
7, fces, 2044000001091.48, 15.07, 0.00, 19189
7, fces, 2055454697380.89, 15.67, 0.00, 19958
7, fces, 2051496633315.14, 16.27, 0.00, 20738
7, fces, 2050554063549.41, 16.87, 0.00, 21514
7, fces, 2055528775551.11, 17.47, 0.00, 22245
7, fces, 2058986261408.20, 18.07, 0.00, 23038
7, fces, 2055831725904.06, 18.67, 0.00, 23814
7, fces, 2047655584831.65, 19.27, 0.00, 24601
7, fces, 2053938611074.96, 19.87, 0.00, 25369
7, fces, 2053334603661.01, 20.47, 0.00, 26164
7, fces, 2045419718699.80, 21.07, 0.00, 26928
7, fces, 2050611993405.53, 21.67, 0.00, 27696
7, fces, 2054720502427.51, 22.27, 0.00, 28484
7, fces, 2055393813577.28, 22.87, 0.00, 29265
7, fces, 2060654178396.90, 23.47, 0.00, 30064
7, fces, 2068183165146.54, 24.07, 0.00, 30826
7, fces, 2074543005510.35, 24.67, 0.00, 31629
7, fces, 2076788274379.33, 25.27, 0.00, 32393
7, fces, 2076518967738.12, 25.87, 0.00, 33188
7, fces, 2068839685822.92, 26.47, 0.00, 33977
7, fces, 2073240229734.93, 27.07, 0.00, 34701
7, fces, 2072405378948.73, 27.67, 0.00, 35494
7, fces, 2069616928667.95, 28.27, 0.00, 36317
7, fces, 2070874749235.26, 28.87, 0.00, 37119
7, fces, 2070824546038.21, 29.47, 0.00, 37913
7, fces, 2070608449468.13, 30.07, 0.00, 38708
7, fces, 2072608793330.93, 30.67, 0.00, 39538
7, fces, 2079554225537.57, 31.27, 0.00, 40326
7, fces, 2082208770886.73, 31.87, 0.00, 41116
7, fces, 2079919993889.79, 32.48, 0.00, 41934
7, fces, 2076550085897.50, 33.09, 0.00, 42705
7, fces, 2076240289366.11, 33.70, 0.00, 43420
7, fces, 2074796662912.34, 34.31, 0.00, 44176
7, fces, 2067469615680.00, 34.92, 0.00, 44914
7, fces, 2067514085750.31, 35.53, 0.00, 45640
7, fces, 2073011333535.06, 36.14, 0.00, 46377
7, fces, 2075040067477.40, 36.75, 0.00, 47101
7, fces, 2075719424281.30, 37.36, 0.00, 47837
7, fces, 2071585395742.67, 37.97, 0.00, 48574
7, fces, 2066652837686.19, 38.58, 0.00, 49312
7, fces, 2067406800254.76, 39.19, 0.00, 50034
7, fces, 2073634803704.11, 39.80, 0.00, 50761
7, fces, 2072503871220.49, 40.41, 0.00, 51471
7, fces, 2072623609158.95, 41.02, 0.00, 52205
7, fces, 2072806979462.80, 41.63, 0.00, 52898
7, fces, 2073806678041.46, 42.24, 0.00, 53632
7, fces, 2072458278542.77, 42.85, 0.00, 54398
7, fces, 2073374808240.16, 43.46, 0.00, 55178
7, fces, 2068017734795.58, 44.07, 0.00, 55959
7, fces, 2067740107321.57, 44.68, 0.00, 56684
7, fces, 2068364471082.20, 45.29, 0.00, 57426
7, fces, 2064684957481.79, 45.90, 0.00, 58182
7, fces, 2067442677478.60, 46.51, 0.00, 58899
7, fces, 2067653373890.62, 47.12, 0.00, 59624
7, fces, 2065705055740.60, 47.73, 0.00, 60351
7, fces, 2062943737429.17, 48.34, 0.00, 61083
7, fces, 2060703824264.68, 48.95, 0.00, 61839
7, fces, 2058870049280.99, 49.56, 0.00, 62613
7, fces, 2055410762668.58, 50.17, 0.00, 63425
7, fces, 2051915852461.23, 50.78, 0.00, 64217
7, fces, 2050040706310.00, 51.39, 0.00, 65038
7, fces, 2052539776098.31, 52.00, 0.00, 65877
7, fces, 2050612519290.43, 52.61, 0.00, 66658
7, fces, 2046606953026.11, 53.22, 0.00, 67513
7, fces, 2045560489421.80, 53.83, 0.00, 68303
7, fces, 2043261044596.53, 54.44, 0.00, 69104
7, fces, 2041536313447.70, 55.05, 0.00, 69905
7, fces, 2040331309021.02, 55.66, 0.00, 70679
7, fces, 2043986297092.67, 56.27, 0.00, 71430
7, fces, 2047061836351.17, 56.88, 0.00, 72166
7, fces, 2046174277211.26, 57.49, 0.00, 72916
7, fces, 2046798093761.61, 58.11, 0.00, 73724
7, fces, 2046177258771.60, 58.72, 0.00, 74516
7, fces, 2043739870263.52, 59.33, 0.00, 75260
7, fces, 2039435478565.28, 59.94, 0.00, 76068
8, fces, 2662272530095.94, 0.01, 0.00, 14
8, fces, 2118673395796.29, 0.62, 0.00, 799
8, fces, 2158274517681.36, 1.23, 0.00, 1564
8, fces, 2100732611040.47, 1.84, 0.00, 2360
8, fces, 2090632917540.90, 2.45, 0.00, 3147
8, fces, 2017721513027.05, 3.06, 0.00, 3931
8, fces, 2063658123141.58, 3.67, 0.00, 4728
8, fces, 2050848452775.43, 4.27, 0.00, 5527
8, fces, 2053306168212.73, 4.87, 0.00, 6324
8, fces, 2065805962055.83, 5.47, 0.00, 7115
8, fces, 2050097702092.03, 6.07, 0.00, 7882
8, fces, 2043503690986.49, 6.67, 0.00, 8655
8, fces, 2036478155697.36, 7.27, 0.00, 9432
8, fces, 2014676537501.07, 7.87, 0.00, 10196
8, fces, 2003389401506.73, 8.47, 0.00, 10953
8, fces, 1999640683175.65, 9.07, 0.00, 11708
8, fces, 2010138238453.30, 9.67, 0.00, 12498
8, fces, 2005907671599.29, 10.27, 0.00, 13236
8, fces, 2007220025204.97, 10.87, 0.00, 13998
8, fces, 2002862481549.78, 11.47, 0.00, 14765
8, fces, 2005560011274.65, 12.07, 0.00, 15538
8, fces, 2007249041158.97, 12.67, 0.00, 16296
8, fces, 2005070602436.27, 13.27, 0.00, 17064
8, fces, 2006374306236.65, 13.87, 0.00, 17841
8, fces, 2016257361349.62, 14.47, 0.00, 18629
8, fces, 2011419180430.42, 15.07, 0.00, 19418
8, fces, 2004725458445.04, 15.67, 0.00, 20243
8, fces, 2013438569035.43, 16.27, 0.00, 21020
8, fces, 2008883380897.05, 16.87, 0.00, 21833
8, fces, 2000401856618.54, 17.47, 0.00, 22620
8, fces, 2008581395614.33, 18.07, 0.00, 23406
8, fces, 2010347618398.40, 18.67, 0.00, 24180
8, fces, 2015055131714.11, 19.27, 0.00, 24953
8, fces, 2019126869522.22, 19.87, 0.00, 25741
8, fces, 2018303236339.57, 20.47, 0.00, 26534
8, fces, 2013421178422.69, 21.07, 0.00, 27328
8, fces, 2011840204982.84, 21.67, 0.00, 28123
8, fces, 2011959599596.86, 22.27, 0.00, 28878
8, fces, 2009836834446.09, 22.87, 0.00, 29690
8, fces, 2004692202252.81, 23.47, 0.00, 30508
8, fces, 2011161595260.16, 24.07, 0.00, 31309
8, fces, 2011620852787.80, 24.67, 0.00, 32107
8, fces, 2010689259943.97, 25.27, 0.00, 32906
8, fces, 2013123524159.86, 25.87, 0.00, 33686
8, fces, 2008106519533.36, 26.47, 0.00, 34491
8, fces, 2006719649444.85, 27.07, 0.00, 35292
8, fces, 2012238269337.61, 27.67, 0.00, 36057
8, fces, 2014227221893.54, 28.27, 0.00, 36840
8, fces, 2015140854798.91, 28.87, 0.00, 37589
8, fces, 2011579209928.33, 29.47, 0.00, 38334
8, fces, 2008490608658.62, 30.07, 0.00, 39053
8, fces, 2014682128534.39, 30.67, 0.00, 39767
8, fces, 2011403971892.88, 31.27, 0.00, 40489
8, fces, 2012071146208.55, 31.87, 0.00, 41217
8, fces, 2008775621442.05, 32.48, 0.00, 41984
8, fces, 2009162208407.88, 33.09, 0.00, 42707
8, fces, 2006957783223.48, 33.70, 0.00, 43417
8, fces, 2007009242937.49, 34.31, 0.00, 44142
8, fces, 2001596342205.30, 34.92, 0.00, 44893
8, fces, 2013095284461.86, 35.53, 0.00, 45601
8, fces, 2010881076686.53, 36.14, 0.00, 46321
8, fces, 2009907610024.60, 36.75, 0.00, 47056
8, fces, 2011022134120.69, 37.36, 0.00, 47790
8, fces, 2014440770299.56, 37.97, 0.00, 48542
8, fces, 2012308561858.61, 38.58, 0.00, 49313
8, fces, 2008333319140.26, 39.19, 0.00, 50101
8, fces, 2010660599954.61, 39.80, 0.00, 50863
8, fces, 2008021230363.42, 40.41, 0.00, 51656
8, fces, 2008882408943.07, 41.02, 0.00, 52361
8, fces, 2012339126055.08, 41.63, 0.00, 53060
8, fces, 2013161876744.67, 42.24, 0.00, 53803
8, fces, 2013885431771.90, 42.85, 0.00, 54502
8, fces, 2015671736956.14, 43.46, 0.00, 55222
8, fces, 2015183941251.28, 44.07, 0.00, 55967
8, fces, 2017836430594.87, 44.68, 0.00, 56714
8, fces, 2015615593922.67, 45.29, 0.00, 57492
8, fces, 2016902004061.57, 45.90, 0.00, 58294
8, fces, 2017686620673.96, 46.51, 0.00, 59105
8, fces, 2015985105310.92, 47.12, 0.00, 59914
8, fces, 2018082510055.64, 47.73, 0.00, 60698
8, fces, 2020488685568.79, 48.34, 0.00, 61495
8, fces, 2021272702960.94, 48.95, 0.00, 62278
8, fces, 2022361439784.52, 49.56, 0.00, 63071
8, fces, 2022232024116.46, 50.17, 0.00, 63843
8, fces, 2021808972426.09, 50.78, 0.00, 64671
8, fces, 2024428548893.26, 51.39, 0.00, 65453
8, fces, 2025170128074.79, 52.00, 0.00, 66214
8, fces, 2024955894134.54, 52.61, 0.00, 66964
8, fces, 2022252841110.34, 53.22, 0.00, 67746
8, fces, 2023409029930.51, 53.83, 0.00, 68501
8, fces, 2026085748561.17, 54.44, 0.00, 69279
8, fces, 2025393126248.15, 55.05, 0.00, 70062
8, fces, 2025089115728.01, 55.66, 0.00, 70831
8, fces, 2024958163986.04, 56.27, 0.00, 71631
8, fces, 2024324956884.43, 56.88, 0.00, 72411
8, fces, 2024188182428.32, 57.49, 0.00, 73204
8, fces, 2023136755874.84, 58.10, 0.00, 73996
8, fces, 2024241617540.01, 58.71, 0.00, 74774
8, fces, 2025493932998.68, 59.32, 0.00, 75576
8, fces, 2025720368483.09, 59.93, 0.00, 76413
9, fces, 1652157354856.37, 0.01, 0.00, 11
9, fces, 2020857437781.42, 0.62, 0.00, 803
9, fces, 1939809263730.14, 1.23, 0.00, 1601
9, fces, 2029745813606.45, 1.84, 0.00, 2410
9, fces, 2027374252783.98, 2.45, 0.00, 3185
9, fces, 2038960397001.69, 3.06, 0.00, 3912
9, fces, 2012937170668.15, 3.67, 0.00, 4682
9, fces, 2028601810321.85, 4.27, 0.00, 5433
9, fces, 2070750521702.35, 4.87, 0.00, 6178
9, fces, 2104108361309.42, 5.47, 0.00, 6904
9, fces, 2079525168718.35, 6.07, 0.00, 7677
9, fces, 2062520181765.74, 6.67, 0.00, 8468
9, fces, 2090455101662.37, 7.27, 0.00, 9202
9, fces, 2074011800192.85, 7.87, 0.00, 9990
9, fces, 2064082541341.52, 8.47, 0.00, 10757
9, fces, 2054994594606.97, 9.07, 0.00, 11568
9, fces, 2051091186651.16, 9.67, 0.00, 12342
9, fces, 2041006037931.81, 10.27, 0.00, 13112
9, fces, 2049070183077.18, 10.87, 0.00, 13898
9, fces, 2042530723916.31, 11.47, 0.00, 14693
9, fces, 2032393988848.42, 12.07, 0.00, 15497
9, fces, 2033803250221.72, 12.67, 0.00, 16310
9, fces, 2044609748744.63, 13.27, 0.00, 17119
9, fces, 2046852567736.03, 13.87, 0.00, 17890
9, fces, 2046271391005.25, 14.47, 0.00, 18704
9, fces, 2054699821158.25, 15.07, 0.00, 19482
9, fces, 2057318345116.13, 15.67, 0.00, 20272
9, fces, 2056146354422.28, 16.27, 0.00, 21052
9, fces, 2047401335155.23, 16.87, 0.00, 21853
9, fces, 2048767021319.73, 17.47, 0.00, 22612
9, fces, 2044156524738.49, 18.07, 0.00, 23392
9, fces, 2039208116754.01, 18.67, 0.00, 24159
9, fces, 2041168272113.78, 19.27, 0.00, 24959
9, fces, 2038164938898.13, 19.87, 0.00, 25761
9, fces, 2037700642838.57, 20.47, 0.00, 26559
9, fces, 2038839993554.13, 21.07, 0.00, 27360
9, fces, 2037985523446.26, 21.67, 0.00, 28190
9, fces, 2034850480224.87, 22.27, 0.00, 29004
9, fces, 2031480369147.92, 22.87, 0.00, 29792
9, fces, 2036306439162.12, 23.47, 0.00, 30539
9, fces, 2035825747878.97, 24.07, 0.00, 31252
9, fces, 2037701613497.26, 24.67, 0.00, 32001
9, fces, 2038359620244.00, 25.27, 0.00, 32716
9, fces, 2042599015754.92, 25.87, 0.00, 33438
9, fces, 2042251919449.19, 26.47, 0.00, 34155
9, fces, 2045767565491.58, 27.07, 0.00, 34865
9, fces, 2038664305258.44, 27.67, 0.00, 35581
9, fces, 2036192303209.26, 28.27, 0.00, 36310
9, fces, 2032969380565.23, 28.87, 0.00, 37053
9, fces, 2033535687781.09, 29.47, 0.00, 37766
9, fces, 2032570417418.81, 30.07, 0.00, 38534
9, fces, 2028649881792.99, 30.67, 0.00, 39270
9, fces, 2027017313638.30, 31.27, 0.00, 39999
9, fces, 2027557061117.52, 31.87, 0.00, 40714
9, fces, 2029439185663.02, 32.48, 0.00, 41440
9, fces, 2032404140242.79, 33.09, 0.00, 42166
9, fces, 2033552508733.18, 33.70, 0.00, 42917
9, fces, 2031084662576.60, 34.31, 0.00, 43686
9, fces, 2028491359380.76, 34.92, 0.00, 44464
9, fces, 2031052595069.84, 35.53, 0.00, 45220
9, fces, 2029487648114.53, 36.14, 0.00, 45960
9, fces, 2023195183180.06, 36.75, 0.00, 46703
9, fces, 2021523252101.41, 37.36, 0.00, 47461
9, fces, 2020065355917.77, 37.97, 0.00, 48167
9, fces, 2017621177626.93, 38.58, 0.00, 48905
9, fces, 2016008246903.87, 39.19, 0.00, 49638
9, fces, 2014198987096.00, 39.80, 0.00, 50378
9, fces, 2009888667064.85, 40.41, 0.00, 51186
9, fces, 2006984810203.63, 41.02, 0.00, 51962
9, fces, 2009713836333.35, 41.63, 0.00, 52737
9, fces, 2009598462647.98, 42.24, 0.00, 53532
9, fces, 2013187312319.56, 42.85, 0.00, 54330
9, fces, 2013831185677.89, 43.46, 0.00, 55121
9, fces, 2008623980312.98, 44.07, 0.00, 55949
9, fces, 2008189145845.03, 44.68, 0.00, 56771
9, fces, 2009978130579.84, 45.29, 0.00, 57565
9, fces, 2015528377317.49, 45.90, 0.00, 58370
9, fces, 2021035998845.48, 46.51, 0.00, 59140
9, fces, 2020664879697.56, 47.12, 0.00, 59937
9, fces, 2020714216483.03, 47.73, 0.00, 60694
9, fces, 2023492580198.97, 48.34, 0.00, 61438
9, fces, 2021714226715.35, 48.95, 0.00, 62211
9, fces, 2020634265741.48, 49.56, 0.00, 62990
9, fces, 2024139836134.06, 50.17, 0.00, 63746
9, fces, 2026438884908.80, 50.78, 0.00, 64521
9, fces, 2029490616667.08, 51.39, 0.00, 65277
9, fces, 2032792127051.58, 52.00, 0.00, 66073
9, fces, 2037204478547.78, 52.61, 0.00, 66881
9, fces, 2034246632281.77, 53.22, 0.00, 67658
9, fces, 2030966652189.84, 53.83, 0.00, 68456
9, fces, 2028401979021.72, 54.44, 0.00, 69261
9, fces, 2028492009250.11, 55.05, 0.00, 70078
9, fces, 2025663759289.76, 55.66, 0.00, 70858
9, fces, 2024335049371.03, 56.27, 0.00, 71648
9, fces, 2021150998935.24, 56.88, 0.00, 72486
9, fces, 2024965776411.25, 57.49, 0.00, 73282
9, fces, 2026203730285.95, 58.10, 0.00, 74056
9, fces, 2026475978919.76, 58.71, 0.00, 74835
9, fces, 2024476693879.08, 59.32, 0.00, 75597
9, fces, 2024500992887.49, 59.93, 0.00, 76358
10, fces, 1215143454787.96, 0.01, 0.00, 12
10, fces, 2228918928470.87, 0.62, 0.00, 754
10, fces, 2235595120383.70, 1.23, 0.00, 1492
10, fces, 2145002586785.24, 1.84, 0.00, 2254
10, fces, 2057778447682.90, 2.45, 0.00, 3026
10, fces, 2102710452089.73, 3.06, 0.00, 3789
10, fces, 2121553393661.11, 3.67, 0.00, 4553
10, fces, 2125139278905.13, 4.27, 0.00, 5307
10, fces, 2075211073215.10, 4.87, 0.00, 6113
10, fces, 2055097764084.06, 5.47, 0.00, 6892
10, fces, 2057624194677.77, 6.07, 0.00, 7648
10, fces, 2077290079273.22, 6.67, 0.00, 8383
10, fces, 2064111312813.06, 7.27, 0.00, 9209
10, fces, 2048126078205.27, 7.87, 0.00, 9978
10, fces, 2032221161864.65, 8.47, 0.00, 10748
10, fces, 2027822084437.72, 9.07, 0.00, 11538
10, fces, 2022654070471.68, 9.67, 0.00, 12341
10, fces, 2025279898452.94, 10.27, 0.00, 13137
10, fces, 2022221044733.99, 10.87, 0.00, 13932
10, fces, 2027749967110.32, 11.47, 0.00, 14729
10, fces, 2021834900878.18, 12.07, 0.00, 15510
10, fces, 2019708525431.51, 12.67, 0.00, 16306
10, fces, 2019079855648.26, 13.27, 0.00, 17033
10, fces, 2020611408475.08, 13.87, 0.00, 17821
10, fces, 2022189893530.72, 14.47, 0.00, 18624
10, fces, 2028539160222.22, 15.07, 0.00, 19416
10, fces, 2029664919364.26, 15.67, 0.00, 20261
10, fces, 2046933165939.75, 16.27, 0.00, 21040
10, fces, 2055926422873.50, 16.87, 0.00, 21845
10, fces, 2059682308338.69, 17.47, 0.00, 22644
10, fces, 2055748907448.48, 18.07, 0.00, 23467
10, fces, 2051611290321.91, 18.67, 0.00, 24214
10, fces, 2051281833862.02, 19.27, 0.00, 24940
10, fces, 2059623040180.25, 19.87, 0.00, 25675
10, fces, 2059010277587.04, 20.47, 0.00, 26397
10, fces, 2050429466670.69, 21.07, 0.00, 27138
10, fces, 2051333981744.85, 21.67, 0.00, 27879
10, fces, 2057448415720.52, 22.27, 0.00, 28608
10, fces, 2062670787019.74, 22.87, 0.00, 29326
10, fces, 2057724390948.71, 23.47, 0.00, 30052
10, fces, 2053085026608.05, 24.07, 0.00, 30774
10, fces, 2050000219605.74, 24.67, 0.00, 31472
10, fces, 2043265255014.40, 25.27, 0.00, 32208
10, fces, 2043694253110.96, 25.87, 0.00, 32942
10, fces, 2043882618647.14, 26.47, 0.00, 33684
10, fces, 2043028181788.46, 27.07, 0.00, 34404
10, fces, 2038872831760.90, 27.67, 0.00, 35119
10, fces, 2033097089399.72, 28.27, 0.00, 35850
10, fces, 2027120979632.20, 28.87, 0.00, 36588
10, fces, 2029853721152.11, 29.47, 0.00, 37343
10, fces, 2027379597299.94, 30.07, 0.00, 38125
10, fces, 2032417047985.91, 30.67, 0.00, 38837
10, fces, 2036688217846.41, 31.27, 0.00, 39552
10, fces, 2038585866642.37, 31.87, 0.00, 40239
10, fces, 2042050721792.59, 32.48, 0.00, 40943
10, fces, 2043811404215.20, 33.09, 0.00, 41672
10, fces, 2045627738276.98, 33.70, 0.00, 42393
10, fces, 2048030528511.43, 34.31, 0.00, 43112
10, fces, 2046689589548.43, 34.92, 0.00, 43859
10, fces, 2049692185111.79, 35.53, 0.00, 44616
10, fces, 2055858910827.12, 36.14, 0.00, 45343
10, fces, 2054086242051.97, 36.75, 0.00, 46139
10, fces, 2059358738476.82, 37.36, 0.00, 46924
10, fces, 2058264239306.12, 37.97, 0.00, 47763
10, fces, 2054591625588.42, 38.58, 0.00, 48599
10, fces, 2048679128994.33, 39.19, 0.00, 49432
10, fces, 2043855222203.83, 39.80, 0.00, 50238
10, fces, 2044297926243.63, 40.41, 0.00, 51010
10, fces, 2037776028631.14, 41.02, 0.00, 51789
10, fces, 2035491227733.73, 41.63, 0.00, 52575
10, fces, 2033567645494.28, 42.24, 0.00, 53362
10, fces, 2035218118702.90, 42.85, 0.00, 54080
10, fces, 2033356352061.91, 43.46, 0.00, 54841
10, fces, 2034281171314.88, 44.07, 0.00, 55600
10, fces, 2029729575998.63, 44.68, 0.00, 56339
10, fces, 2028393654091.78, 45.29, 0.00, 57116
10, fces, 2025736430501.94, 45.90, 0.00, 57893
10, fces, 2025913510208.25, 46.51, 0.00, 58660
10, fces, 2023189229542.15, 47.12, 0.00, 59456
10, fces, 2021495090667.75, 47.73, 0.00, 60234
10, fces, 2020905734956.56, 48.34, 0.00, 61031
10, fces, 2021449046527.08, 48.95, 0.00, 61797
10, fces, 2026622561113.41, 49.56, 0.00, 62602
10, fces, 2026178974672.57, 50.17, 0.00, 63419
10, fces, 2023098453507.58, 50.78, 0.00, 64203
10, fces, 2022815287486.53, 51.39, 0.00, 65018
10, fces, 2021910481965.05, 52.00, 0.00, 65815
10, fces, 2020994771862.25, 52.61, 0.00, 66603
10, fces, 2022800513031.31, 53.22, 0.00, 67408
10, fces, 2024667854177.93, 53.83, 0.00, 68204
10, fces, 2023698064552.35, 54.44, 0.00, 68968
10, fces, 2022498306074.87, 55.05, 0.00, 69715
10, fces, 2025355125310.24, 55.66, 0.00, 70473
10, fces, 2024363994562.51, 56.27, 0.00, 71241
10, fces, 2025366415441.52, 56.88, 0.00, 72012
10, fces, 2027033671333.56, 57.49, 0.00, 72771
10, fces, 2027564258917.83, 58.10, 0.00, 73549
10, fces, 2026112111734.85, 58.71, 0.00, 74326
10, fces, 2025485406658.16, 59.32, 0.00, 75105
10, fces, 2026867214190.96, 59.93, 0.00, 75892
11, fces, 2568925004664.11, 0.01, 0.00, 12
11, fces, 1953853192732.50, 0.62, 0.00, 812
11, fces, 1941866147201.61, 1.23, 0.00, 1611
11, fces, 1879240440032.03, 1.84, 0.00, 2436
11, fces, 1973917210303.82, 2.45, 0.00, 3216
11, fces, 1983910081198.41, 3.06, 0.00, 3991
11, fces, 2019309654903.53, 3.67, 0.00, 4811
11, fces, 2032888571302.49, 4.27, 0.00, 5610
11, fces, 2070719969817.45, 4.87, 0.00, 6385
11, fces, 2095784540719.11, 5.47, 0.00, 7167
11, fces, 2078392779974.00, 6.07, 0.00, 7948
11, fces, 2095201038510.30, 6.67, 0.00, 8725
11, fces, 2093419791433.60, 7.27, 0.00, 9508
11, fces, 2093164569787.17, 7.87, 0.00, 10299
11, fces, 2087041964500.14, 8.47, 0.00, 11027
11, fces, 2088258531905.87, 9.07, 0.00, 11826
11, fces, 2078873718983.47, 9.67, 0.00, 12598
11, fces, 2083244581486.17, 10.27, 0.00, 13391
11, fces, 2102273609549.17, 10.87, 0.00, 14188
11, fces, 2085216342993.05, 11.47, 0.00, 14993
11, fces, 2085362299496.24, 12.07, 0.00, 15809
11, fces, 2064404566549.97, 12.67, 0.00, 16628
11, fces, 2059565257071.97, 13.27, 0.00, 17430
11, fces, 2055269819850.73, 13.87, 0.00, 18254
11, fces, 2058928543591.26, 14.47, 0.00, 18981
11, fces, 2057179582558.33, 15.07, 0.00, 19711
11, fces, 2057220990037.02, 15.67, 0.00, 20447
11, fces, 2055960662926.75, 16.27, 0.00, 21158
11, fces, 2052618795099.23, 16.87, 0.00, 21878
11, fces, 2059545753944.28, 17.47, 0.00, 22573
11, fces, 2065851610725.28, 18.07, 0.00, 23287
11, fces, 2065811038950.06, 18.67, 0.00, 24009
11, fces, 2076884154704.11, 19.27, 0.00, 24718
11, fces, 2075813288606.29, 19.87, 0.00, 25415
11, fces, 2073372738534.65, 20.47, 0.00, 26149
11, fces, 2070755220122.29, 21.07, 0.00, 26846
11, fces, 2072383362968.29, 21.67, 0.00, 27578
11, fces, 2066886286690.09, 22.27, 0.00, 28313
11, fces, 2064047315216.76, 22.87, 0.00, 29043
11, fces, 2058547720340.82, 23.47, 0.00, 29774
11, fces, 2061257615325.18, 24.07, 0.00, 30520
11, fces, 2061359561588.95, 24.67, 0.00, 31300
11, fces, 2065000300297.54, 25.27, 0.00, 32030
11, fces, 2062227799569.52, 25.87, 0.00, 32777
11, fces, 2068399147846.40, 26.47, 0.00, 33526
11, fces, 2060813092480.09, 27.07, 0.00, 34260
11, fces, 2058900631817.23, 27.67, 0.00, 34967
11, fces, 2051796357282.48, 28.27, 0.00, 35704
11, fces, 2048931586529.28, 28.87, 0.00, 36438
11, fces, 2049193810748.12, 29.47, 0.00, 37164
11, fces, 2048303561361.22, 30.07, 0.00, 37864
11, fces, 2040649051004.68, 30.67, 0.00, 38633
11, fces, 2040121739902.42, 31.27, 0.00, 39399
11, fces, 2038559603785.09, 31.87, 0.00, 40175
11, fces, 2037295569751.58, 32.48, 0.00, 40970
11, fces, 2034501420426.76, 33.09, 0.00, 41775
11, fces, 2033511841450.34, 33.70, 0.00, 42584
11, fces, 2035775272578.05, 34.31, 0.00, 43380
11, fces, 2029903530043.11, 34.92, 0.00, 44211
11, fces, 2025951503332.27, 35.53, 0.00, 45020
11, fces, 2028998367213.54, 36.14, 0.00, 45810
11, fces, 2028561164688.36, 36.75, 0.00, 46608
11, fces, 2029640526295.49, 37.36, 0.00, 47379
11, fces, 2028054558101.37, 37.97, 0.00, 48170
11, fces, 2025295042185.96, 38.58, 0.00, 48937
11, fces, 2020331109192.95, 39.19, 0.00, 49706
11, fces, 2015210326280.68, 39.80, 0.00, 50512
11, fces, 2014556225939.92, 40.41, 0.00, 51265
11, fces, 2009840454484.25, 41.02, 0.00, 52049
11, fces, 2010563618624.19, 41.63, 0.00, 52823
11, fces, 2008185804430.93, 42.24, 0.00, 53626
11, fces, 2008998224006.16, 42.85, 0.00, 54424
11, fces, 2014203739613.64, 43.46, 0.00, 55223
11, fces, 2015490010088.61, 44.07, 0.00, 56009
11, fces, 2015855240329.87, 44.68, 0.00, 56796
11, fces, 2012838805669.30, 45.29, 0.00, 57606
11, fces, 2014714638094.94, 45.90, 0.00, 58401
11, fces, 2016490831824.25, 46.51, 0.00, 59195
11, fces, 2017052543145.00, 47.12, 0.00, 60008
11, fces, 2016153272186.81, 47.73, 0.00, 60811
11, fces, 2013320575182.93, 48.34, 0.00, 61604
11, fces, 2014862731526.71, 48.95, 0.00, 62384
11, fces, 2021344061603.60, 49.56, 0.00, 63140
11, fces, 2024377880869.11, 50.17, 0.00, 63922
11, fces, 2025535902660.13, 50.78, 0.00, 64689
11, fces, 2025583019865.92, 51.39, 0.00, 65446
11, fces, 2028733614356.41, 52.00, 0.00, 66208
11, fces, 2026656936221.88, 52.61, 0.00, 66944
11, fces, 2029663206821.61, 53.22, 0.00, 67710
11, fces, 2031411748299.94, 53.83, 0.00, 68488
11, fces, 2032831838816.43, 54.44, 0.00, 69271
11, fces, 2034199768431.43, 55.05, 0.00, 70060
11, fces, 2034427290655.84, 55.66, 0.00, 70872
11, fces, 2029855377123.14, 56.27, 0.00, 71671
11, fces, 2029254282356.84, 56.88, 0.00, 72478
11, fces, 2029346978225.73, 57.49, 0.00, 73272
11, fces, 2029407158244.09, 58.10, 0.00, 74058
11, fces, 2028505638529.37, 58.71, 0.00, 74892
11, fces, 2029234946671.43, 59.32, 0.00, 75664
11, fces, 2027438152783.99, 59.93, 0.00, 76512
12, fces, 1366699929087.30, 0.01, 0.00, 11
12, fces, 2065950335510.62, 0.62, 0.00, 815
12, fces, 2024942057549.15, 1.23, 0.00, 1626
12, fces, 1973049279395.12, 1.84, 0.00, 2466
12, fces, 1930957310065.10, 2.45, 0.00, 3261
12, fces, 1976587639146.50, 3.06, 0.00, 4051
12, fces, 2000187320477.76, 3.67, 0.00, 4791
12, fces, 2014000911848.86, 4.27, 0.00, 5610
12, fces, 2032857136080.85, 4.87, 0.00, 6401
12, fces, 2030529558649.55, 5.47, 0.00, 7194
12, fces, 2075985487145.49, 6.07, 0.00, 7982
12, fces, 2055705046070.14, 6.67, 0.00, 8787
12, fces, 2063879861928.83, 7.27, 0.00, 9577
12, fces, 2086149107558.38, 7.87, 0.00, 10379
12, fces, 2077334435450.79, 8.47, 0.00, 11168
12, fces, 2084322727499.12, 9.07, 0.00, 11943
12, fces, 2088413480932.88, 9.67, 0.00, 12677
12, fces, 2094747944374.46, 10.27, 0.00, 13410
12, fces, 2093015004526.91, 10.87, 0.00, 14140
12, fces, 2084469014593.85, 11.47, 0.00, 14838
12, fces, 2065743053497.28, 12.07, 0.00, 15570
12, fces, 2051801990054.06, 12.67, 0.00, 16310
12, fces, 2056973539899.56, 13.27, 0.00, 17037
12, fces, 2055633031740.12, 13.87, 0.00, 17763
12, fces, 2056371518276.36, 14.47, 0.00, 18456
12, fces, 2056268461683.98, 15.07, 0.00, 19172
12, fces, 2043761055184.12, 15.67, 0.00, 19884
12, fces, 2039495333814.29, 16.27, 0.00, 20610
12, fces, 2034775590060.42, 16.87, 0.00, 21347
12, fces, 2040942502835.57, 17.47, 0.00, 22074
12, fces, 2040189709876.48, 18.07, 0.00, 22781
12, fces, 2042934282415.48, 18.67, 0.00, 23500
12, fces, 2034326113341.34, 19.27, 0.00, 24254
12, fces, 2042901215142.72, 19.87, 0.00, 24979
12, fces, 2039111576362.45, 20.47, 0.00, 25738
12, fces, 2040318584107.28, 21.07, 0.00, 26460
12, fces, 2029380164781.68, 21.67, 0.00, 27198
12, fces, 2027522261324.51, 22.27, 0.00, 27930
12, fces, 2029293301171.47, 22.87, 0.00, 28631
12, fces, 2040432628151.93, 23.47, 0.00, 29334
12, fces, 2038598487886.60, 24.07, 0.00, 30038
12, fces, 2038371124953.58, 24.67, 0.00, 30743
12, fces, 2030209150274.32, 25.27, 0.00, 31484
12, fces, 2030794738588.75, 25.87, 0.00, 32248
12, fces, 2040781587054.47, 26.47, 0.00, 33013
12, fces, 2043779060980.62, 27.07, 0.00, 33796
12, fces, 2049957168310.13, 27.67, 0.00, 34608
12, fces, 2048861958324.53, 28.27, 0.00, 35402
12, fces, 2045691202109.76, 28.87, 0.00, 36194
12, fces, 2046095714166.07, 29.47, 0.00, 36959
12, fces, 2046093518647.07, 30.07, 0.00, 37747
12, fces, 2046894208934.80, 30.67, 0.00, 38566
12, fces, 2049073124930.31, 31.27, 0.00, 39334
12, fces, 2046477453446.84, 31.87, 0.00, 40104
12, fces, 2046429844664.31, 32.48, 0.00, 40905
12, fces, 2051595187973.55, 33.09, 0.00, 41636
12, fces, 2046827190555.71, 33.70, 0.00, 42402
12, fces, 2045705224696.63, 34.31, 0.00, 43173
12, fces, 2050659767751.13, 34.92, 0.00, 43911
12, fces, 2053424260726.78, 35.53, 0.00, 44666
12, fces, 2054261833423.61, 36.14, 0.00, 45445
12, fces, 2055806208360.37, 36.75, 0.00, 46239
12, fces, 2056986475181.83, 37.36, 0.00, 47024
12, fces, 2057386868384.81, 37.97, 0.00, 47818
12, fces, 2057035993444.90, 38.58, 0.00, 48641
12, fces, 2053252569893.05, 39.19, 0.00, 49442
12, fces, 2049603929882.50, 39.80, 0.00, 50232
12, fces, 2046907929287.11, 40.41, 0.00, 51051
12, fces, 2047303384509.85, 41.02, 0.00, 51819
12, fces, 2049187882745.05, 41.63, 0.00, 52643
12, fces, 2049249964567.35, 42.24, 0.00, 53451
12, fces, 2050073314012.36, 42.85, 0.00, 54236
12, fces, 2048626111553.62, 43.46, 0.00, 55023
12, fces, 2045035808915.18, 44.07, 0.00, 55839
12, fces, 2044429358509.52, 44.68, 0.00, 56619
12, fces, 2045508019100.48, 45.29, 0.00, 57379
12, fces, 2043796759809.17, 45.90, 0.00, 58179
12, fces, 2046138181585.85, 46.51, 0.00, 58956
12, fces, 2049058554138.98, 47.12, 0.00, 59717
12, fces, 2047775367298.55, 47.73, 0.00, 60467
12, fces, 2044350985387.16, 48.34, 0.00, 61229
12, fces, 2041965215698.00, 48.95, 0.00, 62039
12, fces, 2042807157135.47, 49.56, 0.00, 62819
12, fces, 2043406265917.52, 50.17, 0.00, 63574
12, fces, 2045940392820.87, 50.78, 0.00, 64365
12, fces, 2047359497505.72, 51.39, 0.00, 65167
12, fces, 2045944720269.49, 52.00, 0.00, 65959
12, fces, 2041923174838.15, 52.61, 0.00, 66797
12, fces, 2045902646102.83, 53.22, 0.00, 67583
12, fces, 2046639791010.29, 53.83, 0.00, 68429
12, fces, 2047935728129.29, 54.44, 0.00, 69236
12, fces, 2046898624534.18, 55.05, 0.00, 70048
12, fces, 2045291796614.26, 55.66, 0.00, 70868
12, fces, 2046370201208.73, 56.27, 0.00, 71672
12, fces, 2047000163588.77, 56.88, 0.00, 72482
12, fces, 2046906354359.40, 57.49, 0.00, 73284
12, fces, 2045772080466.83, 58.10, 0.00, 74094
12, fces, 2045164090302.51, 58.71, 0.00, 74837
12, fces, 2044627317760.67, 59.32, 0.00, 75643
12, fces, 2041473941029.95, 59.93, 0.00, 76476
13, fces, 1731348780003.60, 0.01, 0.00, 22
13, fces, 2107972850548.97, 0.62, 0.00, 823
13, fces, 2055422306686.59, 1.23, 0.00, 1613
13, fces, 1986795719513.46, 1.84, 0.00, 2443
13, fces, 2037203062497.63, 2.45, 0.00, 3269
13, fces, 2067171595005.38, 3.06, 0.00, 4061
13, fces, 2061273675696.82, 3.67, 0.00, 4872
13, fces, 2055452647739.28, 4.27, 0.00, 5649
13, fces, 2058669552203.90, 4.87, 0.00, 6407
13, fces, 2087674220219.97, 5.47, 0.00, 7125
13, fces, 2105471552870.62, 6.07, 0.00, 7851
13, fces, 2103220893786.73, 6.67, 0.00, 8576
13, fces, 2098579257853.06, 7.27, 0.00, 9312
13, fces, 2103202907170.31, 7.87, 0.00, 10019
13, fces, 2112240192130.34, 8.47, 0.00, 10750
13, fces, 2114110043689.36, 9.07, 0.00, 11443
13, fces, 2087651903760.32, 9.67, 0.00, 12215
13, fces, 2085892010788.77, 10.27, 0.00, 12918
13, fces, 2090160383422.31, 10.87, 0.00, 13627
13, fces, 2083685434580.24, 11.47, 0.00, 14362
13, fces, 2079487621150.01, 12.07, 0.00, 15081
13, fces, 2089256490587.98, 12.67, 0.00, 15803
13, fces, 2088821593590.76, 13.27, 0.00, 16510
13, fces, 2097291432114.92, 13.87, 0.00, 17209
13, fces, 2088866974441.53, 14.47, 0.00, 17936
13, fces, 2101901774899.54, 15.07, 0.00, 18689
13, fces, 2104700874090.13, 15.67, 0.00, 19453
13, fces, 2104820036708.36, 16.27, 0.00, 20194
13, fces, 2095994321050.15, 16.87, 0.00, 20970
13, fces, 2093128711502.99, 17.47, 0.00, 21708
13, fces, 2089441870407.89, 18.07, 0.00, 22445
13, fces, 2090173137694.05, 18.67, 0.00, 23160
13, fces, 2087895079879.97, 19.27, 0.00, 23878
13, fces, 2087552132460.29, 19.87, 0.00, 24603
13, fces, 2084189334217.25, 20.47, 0.00, 25308
13, fces, 2082768055147.98, 21.07, 0.00, 26026
13, fces, 2071832097445.85, 21.67, 0.00, 26800
13, fces, 2077923991327.37, 22.27, 0.00, 27574
13, fces, 2074640352900.27, 22.87, 0.00, 28363
13, fces, 2078356377454.45, 23.47, 0.00, 29128
13, fces, 2075141711741.14, 24.07, 0.00, 29939
13, fces, 2075960936641.92, 24.67, 0.00, 30717
13, fces, 2071752680535.02, 25.27, 0.00, 31550
13, fces, 2070569366526.78, 25.87, 0.00, 32315
13, fces, 2068176893439.07, 26.47, 0.00, 33108
13, fces, 2065991429278.97, 27.07, 0.00, 33877
13, fces, 2058839916486.00, 27.67, 0.00, 34669
13, fces, 2063956236730.65, 28.27, 0.00, 35415
13, fces, 2069415814127.93, 28.87, 0.00, 36140
13, fces, 2068789397690.13, 29.47, 0.00, 36864
13, fces, 2063755983252.71, 30.07, 0.00, 37607
13, fces, 2060914073153.23, 30.67, 0.00, 38375
13, fces, 2059562482130.37, 31.27, 0.00, 39113
13, fces, 2063739219368.17, 31.87, 0.00, 39843
13, fces, 2063359726134.80, 32.48, 0.00, 40611
13, fces, 2065558815844.95, 33.09, 0.00, 41402
13, fces, 2066526363137.19, 33.70, 0.00, 42214
13, fces, 2070880238873.66, 34.31, 0.00, 43001
13, fces, 2064242463652.73, 34.92, 0.00, 43803
13, fces, 2064465267309.66, 35.53, 0.00, 44605
13, fces, 2063857783134.31, 36.14, 0.00, 45402
13, fces, 2058827065866.25, 36.75, 0.00, 46222
13, fces, 2058346550457.31, 37.36, 0.00, 47014
13, fces, 2054653483161.46, 37.97, 0.00, 47824
13, fces, 2059381289541.91, 38.58, 0.00, 48619
13, fces, 2058530469887.82, 39.19, 0.00, 49391
13, fces, 2053651895135.83, 39.80, 0.00, 50210
13, fces, 2050265451898.31, 40.41, 0.00, 50998
13, fces, 2049047357122.70, 41.02, 0.00, 51796
13, fces, 2045432477363.30, 41.63, 0.00, 52580
13, fces, 2045288963704.31, 42.24, 0.00, 53340
13, fces, 2045732307978.84, 42.85, 0.00, 54097
13, fces, 2046099812560.60, 43.46, 0.00, 54843
13, fces, 2044756704386.54, 44.07, 0.00, 55639
13, fces, 2042046527312.86, 44.68, 0.00, 56446
13, fces, 2051352964741.41, 45.29, 0.00, 57187
13, fces, 2053017328407.21, 45.90, 0.00, 57973
13, fces, 2054520136810.59, 46.51, 0.00, 58749
13, fces, 2054556869555.15, 47.12, 0.00, 59524
13, fces, 2052646283948.24, 47.73, 0.00, 60345
13, fces, 2051762794643.60, 48.34, 0.00, 61117
13, fces, 2052266789464.90, 48.95, 0.00, 61908
13, fces, 2049698067567.47, 49.56, 0.00, 62713
13, fces, 2050129074981.60, 50.17, 0.00, 63519
13, fces, 2046044002590.59, 50.78, 0.00, 64339
13, fces, 2042187328833.93, 51.39, 0.00, 65173
13, fces, 2039322301148.10, 52.00, 0.00, 65998
13, fces, 2037092224030.47, 52.61, 0.00, 66827
13, fces, 2041086581960.20, 53.22, 0.00, 67609
13, fces, 2041780971511.04, 53.83, 0.00, 68404
13, fces, 2042939741589.91, 54.44, 0.00, 69158
13, fces, 2043000686607.36, 55.05, 0.00, 70016
13, fces, 2041203371139.73, 55.66, 0.00, 70822
13, fces, 2039437323887.46, 56.27, 0.00, 71654
13, fces, 2040873720040.02, 56.88, 0.00, 72455
13, fces, 2039994949665.52, 57.49, 0.00, 73258
13, fces, 2043399260874.97, 58.10, 0.00, 74045
13, fces, 2043336901296.13, 58.71, 0.00, 74837
13, fces, 2044756355911.01, 59.32, 0.00, 75640
13, fces, 2048491654961.49, 59.93, 0.00, 76436
