exp_rep, bfly, algo, time, preprocess_time, iterations
1, ps, 102993388902902.17, 0.01, 73.07, 620
1, ps, 99669318748958.80, 0.62, 73.07, 91983
1, ps, 99655780155071.86, 1.23, 73.07, 193694
1, ps, 100037857450744.59, 1.84, 73.07, 298769
1, ps, 100263028535711.75, 2.45, 73.07, 418833
1, ps, 100430786609666.92, 3.06, 73.07, 539793
1, ps, 100255491694653.95, 3.67, 73.07, 667741
1, ps, 100524854436782.23, 4.27, 73.07, 792906
1, ps, 100607498245117.71, 4.87, 73.07, 920773
1, ps, 100697689965670.73, 5.47, 73.07, 1046739
1, ps, 100518733510236.34, 6.07, 73.07, 1176708
1, ps, 100678027098956.00, 6.67, 73.07, 1302604
1, ps, 100815246874599.48, 7.27, 73.07, 1438875
1, ps, 100830296266299.50, 7.87, 73.07, 1582130
1, ps, 100870257529712.54, 8.47, 73.07, 1728624
1, ps, 100826035025035.18, 9.07, 73.07, 1867719
1, ps, 100906445234602.01, 9.67, 73.07, 2013371
1, ps, 100759796152662.39, 10.27, 73.07, 2156576
1, ps, 100794669431083.73, 10.87, 73.07, 2290843
1, ps, 100867242107135.54, 11.47, 73.07, 2429935
1, ps, 100907266479478.09, 12.07, 73.07, 2555824
1, ps, 100893276861969.20, 12.67, 73.07, 2690282
1, ps, 100885433200496.92, 13.27, 73.07, 2835058
1, ps, 100945947564624.23, 13.87, 73.07, 2967121
1, ps, 100959590956830.19, 14.47, 73.07, 3091447
1, ps, 101037745771661.03, 15.07, 73.07, 3227211
1, ps, 101073754946013.95, 15.67, 73.07, 3355864
1, ps, 101143874735738.80, 16.27, 73.07, 3492576
1, ps, 101155635804443.77, 16.87, 73.07, 3617070
1, ps, 101135396948242.21, 17.47, 73.07, 3751847
1, ps, 101121450888498.78, 18.07, 73.07, 3880843
1, ps, 101107282709831.09, 18.67, 73.07, 4006094
1, ps, 101069393130977.72, 19.27, 73.07, 4131032
1, ps, 101088877830405.49, 19.87, 73.07, 4260741
1, ps, 101044895076269.49, 20.47, 73.07, 4380663
1, ps, 101043444707833.45, 21.07, 73.07, 4501702
1, ps, 101037911082154.93, 21.67, 73.07, 4632321
1, ps, 101010998740313.08, 22.27, 73.07, 4753938
1, ps, 101029048311933.42, 22.87, 73.07, 4870073
1, ps, 101015310906791.24, 23.47, 73.07, 4975472
1, ps, 101006041343753.94, 24.07, 73.07, 5074371
1, ps, 100957271309383.01, 24.67, 73.07, 5191161
1, ps, 100941859457151.53, 25.27, 73.07, 5286428
1, ps, 100936562447883.08, 25.87, 73.07, 5393964
1, ps, 100947820726246.00, 26.47, 73.07, 5500844
1, ps, 100926597550394.98, 27.07, 73.07, 5624310
1, ps, 100929110515337.57, 27.67, 73.07, 5748085
1, ps, 100949557248762.38, 28.27, 73.07, 5871877
1, ps, 100970261373127.70, 28.87, 73.07, 6003283
1, ps, 100968629310180.70, 29.47, 73.07, 6136715
1, ps, 100950816665726.36, 30.07, 73.07, 6267849
1, ps, 100954718032312.81, 30.67, 73.07, 6410719
1, ps, 100995163216932.13, 31.27, 73.07, 6554657
1, ps, 100961589766159.46, 31.87, 73.07, 6709860
1, ps, 100956671887644.70, 32.48, 73.07, 6863055
1, ps, 100945991316402.31, 33.09, 73.07, 7000092
1, ps, 100979723692646.45, 33.70, 73.07, 7147949
1, ps, 100953128885729.58, 34.31, 73.07, 7277820
1, ps, 100945097811909.20, 34.92, 73.07, 7430381
1, ps, 100910222302942.29, 35.53, 73.07, 7585092
1, ps, 100915691802832.19, 36.14, 73.07, 7722479
1, ps, 100894236924430.23, 36.75, 73.07, 7867500
1, ps, 100902282337391.28, 37.36, 73.07, 8021993
1, ps, 100886303905301.03, 37.97, 73.07, 8175316
1, ps, 100885110165304.98, 38.58, 73.07, 8323398
1, ps, 100857547242774.02, 39.19, 73.07, 8459462
1, ps, 100851858126503.42, 39.80, 73.07, 8593519
1, ps, 100865398926495.93, 40.41, 73.07, 8755067
1, ps, 100860691078901.72, 41.02, 73.07, 8889297
1, ps, 100875001502319.98, 41.63, 73.07, 9040431
1, ps, 100884443010260.82, 42.24, 73.07, 9183900
1, ps, 100902462926873.12, 42.85, 73.07, 9336512
1, ps, 100898966907188.20, 43.46, 73.07, 9487350
1, ps, 100870323157616.77, 44.07, 73.07, 9619566
1, ps, 100855587083257.27, 44.68, 73.07, 9767770
1, ps, 100822335628132.12, 45.29, 73.07, 9893771
1, ps, 100844097634707.45, 45.90, 73.07, 10039211
1, ps, 100852384733738.53, 46.51, 73.07, 10174534
1, ps, 100826865910966.29, 47.12, 73.07, 10331875
1, ps, 100808865179307.13, 47.73, 73.07, 10465945
1, ps, 100829448708606.84, 48.34, 73.07, 10617159
1, ps, 100832223803763.01, 48.95, 73.07, 10765762
1, ps, 100811187034387.64, 49.56, 73.07, 10900303
1, ps, 100830623615438.28, 50.17, 73.07, 11053939
1, ps, 100830999645201.85, 50.78, 73.07, 11195919
1, ps, 100813883302440.32, 51.39, 73.07, 11329966
1, ps, 100822648738105.59, 52.00, 73.07, 11468372
1, ps, 100800130285872.31, 52.61, 73.07, 11607605
1, ps, 100807118873558.82, 53.22, 73.07, 11744783
1, ps, 100825579214942.61, 53.83, 73.07, 11886471
1, ps, 100829767190609.41, 54.44, 73.07, 12020093
1, ps, 100844026338504.62, 55.05, 73.07, 12146556
1, ps, 100834974576863.36, 55.66, 73.07, 12293534
1, ps, 100817897507124.46, 56.27, 73.07, 12434652
1, ps, 100807485219389.31, 56.88, 73.07, 12574733
1, ps, 100818741854624.28, 57.49, 73.07, 12715838
1, ps, 100832009431875.82, 58.10, 73.07, 12871076
1, ps, 100840797626227.54, 58.71, 73.07, 13019651
1, ps, 100874358546177.78, 59.32, 73.07, 13164912
1, ps, 100878905483136.15, 59.93, 73.07, 13317811
2, ps, 100842565924254.55, 0.01, 0.00, 1375
2, ps, 99414686671070.57, 0.62, 0.00, 141879
2, ps, 100259837342875.57, 1.23, 0.00, 266972
2, ps, 101016282459006.95, 1.84, 0.00, 417823
2, ps, 100511119769017.43, 2.45, 0.00, 548383
2, ps, 100409376072707.63, 3.06, 0.00, 703276
2, ps, 100724627820075.39, 3.67, 0.00, 840837
2, ps, 100709169063036.46, 4.27, 0.00, 981583
2, ps, 100816669474973.67, 4.87, 0.00, 1104481
2, ps, 100822521490718.17, 5.47, 0.00, 1253435
2, ps, 100659904019571.83, 6.07, 0.00, 1380522
2, ps, 100731207599939.50, 6.67, 0.00, 1527086
2, ps, 100609420209663.67, 7.27, 0.00, 1664160
2, ps, 100571615180319.39, 7.87, 0.00, 1801368
2, ps, 100618402446555.35, 8.47, 0.00, 1940295
2, ps, 100629406476989.44, 9.07, 0.00, 2074248
2, ps, 100596292215110.43, 9.67, 0.00, 2207127
2, ps, 100763512580511.70, 10.27, 0.00, 2338845
2, ps, 100819756807071.15, 10.87, 0.00, 2470493
2, ps, 100958523611175.36, 11.47, 0.00, 2598765
2, ps, 100838628337878.98, 12.07, 0.00, 2749058
2, ps, 100930173835464.99, 12.67, 0.00, 2880348
2, ps, 101007428372942.47, 13.27, 0.00, 3013813
2, ps, 101031813988268.68, 13.87, 0.00, 3150635
2, ps, 100962715592648.01, 14.47, 0.00, 3276647
2, ps, 100981402525177.06, 15.07, 0.00, 3394110
2, ps, 101076681227162.85, 15.67, 0.00, 3518706
2, ps, 100991305312365.92, 16.27, 0.00, 3633000
2, ps, 100984130652868.49, 16.87, 0.00, 3748271
2, ps, 101075149921717.77, 17.47, 0.00, 3863397
2, ps, 101062931161030.12, 18.07, 0.00, 3989312
2, ps, 101003584463988.33, 18.67, 0.00, 4114432
2, ps, 100995256972999.28, 19.27, 0.00, 4233547
2, ps, 101017631855189.46, 19.87, 0.00, 4343412
2, ps, 101005591970397.11, 20.47, 0.00, 4447954
2, ps, 101009328419687.54, 21.07, 0.00, 4543718
2, ps, 100930407072939.43, 21.67, 0.00, 4647902
2, ps, 100965199357954.93, 22.27, 0.00, 4743608
2, ps, 100970057792569.27, 22.87, 0.00, 4843104
2, ps, 100979189235256.03, 23.47, 0.00, 4944712
2, ps, 101026670117008.77, 24.07, 0.00, 5061163
2, ps, 101026284115287.28, 24.67, 0.00, 5184617
2, ps, 101066836086721.47, 25.27, 0.00, 5316392
2, ps, 101107426516372.93, 25.87, 0.00, 5447969
2, ps, 101081345565968.59, 26.47, 0.00, 5595737
2, ps, 101103092654763.22, 27.07, 0.00, 5728088
2, ps, 101102580848900.38, 27.67, 0.00, 5870262
2, ps, 101109954626404.06, 28.27, 0.00, 6002784
2, ps, 101083565076925.74, 28.87, 0.00, 6131091
2, ps, 101060380076566.42, 29.47, 0.00, 6263166
2, ps, 101057580546084.94, 30.07, 0.00, 6397532
2, ps, 101054080902492.25, 30.67, 0.00, 6537710
2, ps, 101045228144969.82, 31.27, 0.00, 6682946
2, ps, 101030982442484.83, 31.87, 0.00, 6842206
2, ps, 101051572106532.28, 32.48, 0.00, 7005272
2, ps, 101039957441687.98, 33.09, 0.00, 7149466
2, ps, 101030073263828.97, 33.70, 0.00, 7303681
2, ps, 101057584793242.04, 34.31, 0.00, 7442565
2, ps, 101071103515436.53, 34.92, 0.00, 7583831
2, ps, 101062810336032.09, 35.53, 0.00, 7725192
2, ps, 101041638594715.58, 36.14, 0.00, 7857070
2, ps, 101017158990120.23, 36.75, 0.00, 7986628
2, ps, 101029982834575.25, 37.36, 0.00, 8130516
2, ps, 101041325890572.97, 37.97, 0.00, 8263709
2, ps, 101041519279571.40, 38.58, 0.00, 8396625
2, ps, 101029205482273.81, 39.19, 0.00, 8540312
2, ps, 101006787402053.13, 39.80, 0.00, 8697366
2, ps, 101025774677053.15, 40.41, 0.00, 8841199
2, ps, 101046781953983.20, 41.02, 0.00, 8978515
2, ps, 101067793760676.28, 41.63, 0.00, 9123265
2, ps, 101082486163531.50, 42.24, 0.00, 9255232
2, ps, 101099191221546.54, 42.85, 0.00, 9399570
2, ps, 101095843981765.31, 43.46, 0.00, 9545627
2, ps, 101112905525874.93, 44.07, 0.00, 9701502
2, ps, 101121523132324.58, 44.68, 0.00, 9848946
2, ps, 101113268535816.12, 45.29, 0.00, 9977824
2, ps, 101130358468644.23, 45.90, 0.00, 10129429
2, ps, 101139718073151.29, 46.51, 0.00, 10275022
2, ps, 101132447945833.43, 47.12, 0.00, 10430564
2, ps, 101108974016416.96, 47.73, 0.00, 10577305
2, ps, 101110480918471.56, 48.34, 0.00, 10727347
2, ps, 101122835101237.36, 48.95, 0.00, 10869885
2, ps, 101118475089235.76, 49.56, 0.00, 10995444
2, ps, 101124537178126.76, 50.17, 0.00, 11134734
2, ps, 101115279283026.73, 50.78, 0.00, 11265539
2, ps, 101102806470700.75, 51.39, 0.00, 11391443
2, ps, 101124094560617.41, 52.00, 0.00, 11523077
2, ps, 101133135081895.27, 52.61, 0.00, 11672249
2, ps, 101128242848487.78, 53.22, 0.00, 11818621
2, ps, 101149568105963.25, 53.83, 0.00, 11957595
2, ps, 101163848175644.34, 54.44, 0.00, 12093277
2, ps, 101161835428710.06, 55.05, 0.00, 12251883
2, ps, 101144034337571.05, 55.66, 0.00, 12396577
2, ps, 101133034799856.66, 56.27, 0.00, 12538909
2, ps, 101133577105439.01, 56.88, 0.00, 12680853
2, ps, 101151215486988.12, 57.49, 0.00, 12821981
2, ps, 101152008425255.40, 58.10, 0.00, 12970810
2, ps, 101154358661454.97, 58.71, 0.00, 13116116
2, ps, 101135666912670.26, 59.32, 0.00, 13245359
2, ps, 101145015574149.02, 59.93, 0.00, 13389485
3, ps, 97709299643257.33, 0.01, 0.00, 2222
3, ps, 100059197478557.79, 0.62, 0.00, 153437
3, ps, 100754660966633.79, 1.23, 0.00, 291700
3, ps, 100767243698696.05, 1.84, 0.00, 440347
3, ps, 100887102311921.34, 2.45, 0.00, 581531
3, ps, 100631137459230.72, 3.06, 0.00, 722322
3, ps, 100757195182428.78, 3.67, 0.00, 864630
3, ps, 100690195517807.02, 4.27, 0.00, 1009980
3, ps, 100628389519596.24, 4.87, 0.00, 1145619
3, ps, 100700105277224.96, 5.47, 0.00, 1283476
3, ps, 100874617513280.79, 6.07, 0.00, 1417265
3, ps, 100936369082990.46, 6.67, 0.00, 1552053
3, ps, 100976157129338.31, 7.27, 0.00, 1693656
3, ps, 100888172155223.35, 7.87, 0.00, 1833457
3, ps, 100953366476813.68, 8.47, 0.00, 1977610
3, ps, 100950038986453.64, 9.07, 0.00, 2112101
3, ps, 101022994834673.04, 9.67, 0.00, 2237825
3, ps, 101050780435567.53, 10.27, 0.00, 2359820
3, ps, 101089206134691.70, 10.87, 0.00, 2486486
3, ps, 101177344317743.32, 11.47, 0.00, 2615216
3, ps, 101023865461206.51, 12.07, 0.00, 2749670
3, ps, 100921734078466.93, 12.67, 0.00, 2888507
3, ps, 100964616135214.27, 13.27, 0.00, 3007899
3, ps, 101029830555152.73, 13.87, 0.00, 3140259
3, ps, 100960730425862.53, 14.47, 0.00, 3255966
3, ps, 101001000913158.61, 15.07, 0.00, 3381999
3, ps, 100986585047920.79, 15.67, 0.00, 3504339
3, ps, 100971905378240.28, 16.27, 0.00, 3623995
3, ps, 101003272642315.17, 16.87, 0.00, 3722561
3, ps, 101029686139000.01, 17.47, 0.00, 3824287
3, ps, 101019305039902.79, 18.07, 0.00, 3923868
3, ps, 101014634695463.06, 18.67, 0.00, 4021472
3, ps, 100999283924738.19, 19.27, 0.00, 4114553
3, ps, 101030795818622.66, 19.87, 0.00, 4225936
3, ps, 101057702688005.17, 20.47, 0.00, 4335028
3, ps, 101134613355258.85, 21.07, 0.00, 4459219
3, ps, 101103093033524.08, 21.67, 0.00, 4598188
3, ps, 101101379693112.07, 22.27, 0.00, 4724406
3, ps, 101163317878021.35, 22.87, 0.00, 4861445
3, ps, 101114597020959.74, 23.47, 0.00, 4996136
3, ps, 101131864002494.63, 24.07, 0.00, 5130315
3, ps, 101107935694926.30, 24.67, 0.00, 5255622
3, ps, 101141722559596.34, 25.27, 0.00, 5387857
3, ps, 101115410974237.27, 25.87, 0.00, 5523483
3, ps, 101118216982962.61, 26.47, 0.00, 5670198
3, ps, 101092869644036.59, 27.07, 0.00, 5823939
3, ps, 101081289561576.47, 27.67, 0.00, 5960879
3, ps, 101073177215163.42, 28.27, 0.00, 6096161
3, ps, 101024186277603.38, 28.87, 0.00, 6225733
3, ps, 101007026351136.45, 29.47, 0.00, 6373062
3, ps, 101021123788893.35, 30.07, 0.00, 6508346
3, ps, 101027915130137.00, 30.67, 0.00, 6646005
3, ps, 101021507036337.51, 31.27, 0.00, 6802321
3, ps, 101022979272112.61, 31.87, 0.00, 6936966
3, ps, 101016355919787.57, 32.48, 0.00, 7077267
3, ps, 101033283373475.83, 33.09, 0.00, 7228996
3, ps, 101084303935281.24, 33.70, 0.00, 7369738
3, ps, 101092775148303.76, 34.31, 0.00, 7505089
3, ps, 101056222900237.98, 34.92, 0.00, 7648064
3, ps, 101067020107851.61, 35.53, 0.00, 7787023
3, ps, 101068141561666.27, 36.14, 0.00, 7929816
3, ps, 101070144579081.68, 36.75, 0.00, 8059737
3, ps, 101067450230977.94, 37.36, 0.00, 8212147
3, ps, 101064819489675.56, 37.97, 0.00, 8353566
3, ps, 101055739893863.76, 38.58, 0.00, 8497051
3, ps, 101075263698512.81, 39.19, 0.00, 8626817
3, ps, 101072110657337.73, 39.80, 0.00, 8759021
3, ps, 101075888015553.98, 40.41, 0.00, 8903313
3, ps, 101098974229779.89, 41.02, 0.00, 9040705
3, ps, 101095576877801.03, 41.63, 0.00, 9192927
3, ps, 101097983617136.51, 42.24, 0.00, 9329951
3, ps, 101099318845777.77, 42.85, 0.00, 9477698
3, ps, 101118141220143.97, 43.46, 0.00, 9631156
3, ps, 101102578438558.76, 44.07, 0.00, 9782886
3, ps, 101096104688223.76, 44.68, 0.00, 9919657
3, ps, 101089679346898.23, 45.29, 0.00, 10057307
3, ps, 101074293831051.76, 45.90, 0.00, 10193640
3, ps, 101082811764605.23, 46.51, 0.00, 10330243
3, ps, 101073800181114.62, 47.12, 0.00, 10473169
3, ps, 101073752509480.36, 47.73, 0.00, 10614475
3, ps, 101071198305494.44, 48.34, 0.00, 10747275
3, ps, 101078225184488.44, 48.95, 0.00, 10879628
3, ps, 101102243765625.73, 49.56, 0.00, 11040212
3, ps, 101088131188783.56, 50.17, 0.00, 11181067
3, ps, 101084560539252.06, 50.78, 0.00, 11318344
3, ps, 101074091738621.64, 51.39, 0.00, 11466557
3, ps, 101078157078923.02, 52.00, 0.00, 11613275
3, ps, 101075923021423.54, 52.61, 0.00, 11770353
3, ps, 101063731134823.29, 53.22, 0.00, 11912402
3, ps, 101063227742949.24, 53.83, 0.00, 12057171
3, ps, 101078107183624.82, 54.44, 0.00, 12202810
3, ps, 101079007838157.00, 55.05, 0.00, 12359229
3, ps, 101056843062201.69, 55.66, 0.00, 12512183
3, ps, 101071084732645.50, 56.27, 0.00, 12665570
3, ps, 101073898225345.45, 56.88, 0.00, 12797511
3, ps, 101069700547214.78, 57.49, 0.00, 12935757
3, ps, 101074539816302.20, 58.10, 0.00, 13075860
3, ps, 101065464580469.47, 58.71, 0.00, 13216686
3, ps, 101076994241849.07, 59.32, 0.00, 13371980
3, ps, 101074885425186.36, 59.93, 0.00, 13509461
4, ps, 105372774125081.43, 0.01, 0.00, 1818
4, ps, 101443252715244.28, 0.62, 0.00, 144833
4, ps, 101862931992699.11, 1.23, 0.00, 277332
4, ps, 102011981566879.84, 1.84, 0.00, 416660
4, ps, 102274510183877.89, 2.45, 0.00, 554412
4, ps, 102330847318643.15, 3.06, 0.00, 682101
4, ps, 102779175610993.52, 3.67, 0.00, 813236
4, ps, 102587308040067.45, 4.27, 0.00, 950452
4, ps, 102578786418845.90, 4.87, 0.00, 1090328
4, ps, 102463747649415.42, 5.47, 0.00, 1218312
4, ps, 102291341091707.65, 6.07, 0.00, 1349176
4, ps, 102299688842775.01, 6.67, 0.00, 1475173
4, ps, 102189457240802.85, 7.27, 0.00, 1605739
4, ps, 102369999634103.41, 7.87, 0.00, 1729284
4, ps, 102248580146166.22, 8.47, 0.00, 1854278
4, ps, 102185937596763.63, 9.07, 0.00, 1976663
4, ps, 102081091944693.52, 9.67, 0.00, 2093614
4, ps, 102068389139659.00, 10.27, 0.00, 2212903
4, ps, 101999146039290.77, 10.87, 0.00, 2328846
4, ps, 101898859499996.38, 11.47, 0.00, 2462271
4, ps, 101849419349143.60, 12.07, 0.00, 2588035
4, ps, 101844595864913.47, 12.67, 0.00, 2690465
4, ps, 101799006229371.49, 13.27, 0.00, 2799579
4, ps, 101817938830949.49, 13.87, 0.00, 2904403
4, ps, 101763582590846.15, 14.47, 0.00, 3010405
4, ps, 101754269280773.87, 15.07, 0.00, 3114047
4, ps, 101704763885112.84, 15.67, 0.00, 3222657
4, ps, 101660221915113.87, 16.27, 0.00, 3322183
4, ps, 101672172014454.63, 16.87, 0.00, 3419572
4, ps, 101618549517047.93, 17.47, 0.00, 3526820
4, ps, 101676346785298.60, 18.07, 0.00, 3656612
4, ps, 101675124281973.51, 18.67, 0.00, 3786965
4, ps, 101624980310614.43, 19.27, 0.00, 3905473
4, ps, 101680407515340.30, 19.87, 0.00, 4036589
4, ps, 101698057334152.01, 20.47, 0.00, 4169182
4, ps, 101696977499463.08, 21.07, 0.00, 4288815
4, ps, 101696579403465.72, 21.67, 0.00, 4430308
4, ps, 101711633237959.56, 22.27, 0.00, 4569547
4, ps, 101682383973269.32, 22.87, 0.00, 4715928
4, ps, 101701876784688.05, 23.47, 0.00, 4876262
4, ps, 101663205204032.98, 24.07, 0.00, 5029133
4, ps, 101647496659151.43, 24.67, 0.00, 5166447
4, ps, 101631698637882.81, 25.27, 0.00, 5298656
4, ps, 101651231841710.06, 25.87, 0.00, 5430221
4, ps, 101604751309638.07, 26.47, 0.00, 5572747
4, ps, 101595113293638.45, 27.07, 0.00, 5706399
4, ps, 101616094752710.19, 27.67, 0.00, 5834223
4, ps, 101642322944335.33, 28.27, 0.00, 5991860
4, ps, 101665922501959.44, 28.87, 0.00, 6138251
4, ps, 101690464813053.62, 29.47, 0.00, 6278649
4, ps, 101691361817006.72, 30.07, 0.00, 6413403
4, ps, 101690755792845.90, 30.67, 0.00, 6551732
4, ps, 101674363037166.40, 31.27, 0.00, 6694439
4, ps, 101708419756658.90, 31.87, 0.00, 6829639
4, ps, 101725754630395.10, 32.48, 0.00, 6959921
4, ps, 101716621915110.01, 33.09, 0.00, 7104326
4, ps, 101725742849042.29, 33.70, 0.00, 7245860
4, ps, 101707573127190.59, 34.31, 0.00, 7393369
4, ps, 101708192958584.30, 34.92, 0.00, 7534784
4, ps, 101662051754773.72, 35.53, 0.00, 7674739
4, ps, 101637294733269.80, 36.14, 0.00, 7837500
4, ps, 101648266518195.75, 36.75, 0.00, 7975218
4, ps, 101650973613150.93, 37.36, 0.00, 8116994
4, ps, 101638904461958.92, 37.97, 0.00, 8257109
4, ps, 101622483258963.65, 38.58, 0.00, 8398730
4, ps, 101613069180621.45, 39.19, 0.00, 8554082
4, ps, 101624156307245.22, 39.80, 0.00, 8692356
4, ps, 101627303412624.36, 40.41, 0.00, 8835724
4, ps, 101622467562540.52, 41.02, 0.00, 8974977
4, ps, 101588976405992.14, 41.63, 0.00, 9105428
4, ps, 101587319842711.62, 42.24, 0.00, 9244924
4, ps, 101622489161906.33, 42.85, 0.00, 9387487
4, ps, 101586951022470.22, 43.46, 0.00, 9508837
4, ps, 101580101972506.85, 44.07, 0.00, 9651835
4, ps, 101582854231368.54, 44.68, 0.00, 9778337
4, ps, 101545306362220.07, 45.29, 0.00, 9916938
4, ps, 101535143342921.79, 45.90, 0.00, 10046299
4, ps, 101529111833390.57, 46.51, 0.00, 10198345
4, ps, 101504725968524.41, 47.12, 0.00, 10338171
4, ps, 101494359875614.77, 47.73, 0.00, 10479475
4, ps, 101509705986574.45, 48.34, 0.00, 10623240
4, ps, 101503113584626.11, 48.95, 0.00, 10762746
4, ps, 101482776213114.08, 49.56, 0.00, 10909248
4, ps, 101490607423559.34, 50.17, 0.00, 11057504
4, ps, 101481225136789.83, 50.78, 0.00, 11205049
4, ps, 101501748787102.76, 51.39, 0.00, 11334699
4, ps, 101504605056409.25, 52.00, 0.00, 11469761
4, ps, 101498430883388.83, 52.61, 0.00, 11624614
4, ps, 101481251626503.64, 53.22, 0.00, 11780979
4, ps, 101476699754838.09, 53.83, 0.00, 11920899
4, ps, 101453678414321.04, 54.44, 0.00, 12062182
4, ps, 101456129268643.02, 55.05, 0.00, 12204871
4, ps, 101465279996456.20, 55.66, 0.00, 12349381
4, ps, 101444230327328.95, 56.27, 0.00, 12488610
4, ps, 101443481077644.40, 56.88, 0.00, 12635819
4, ps, 101422326113764.93, 57.49, 0.00, 12779342
4, ps, 101399046368816.89, 58.10, 0.00, 12914883
4, ps, 101411849189881.61, 58.71, 0.00, 13045573
4, ps, 101422864859355.56, 59.32, 0.00, 13172019
4, ps, 101412754084253.55, 59.93, 0.00, 13304734
5, ps, 97131551963188.26, 0.01, 0.00, 1127
5, ps, 100858638942296.41, 0.62, 0.00, 147192
5, ps, 101773780792852.99, 1.23, 0.00, 289765
5, ps, 100972899284896.18, 1.84, 0.00, 421020
5, ps, 100995904878035.30, 2.45, 0.00, 561196
5, ps, 100969819300303.07, 3.06, 0.00, 694837
5, ps, 100846406140829.08, 3.67, 0.00, 826832
5, ps, 100797988241978.27, 4.27, 0.00, 952138
5, ps, 100841109345438.27, 4.87, 0.00, 1082213
5, ps, 100687730931433.44, 5.47, 0.00, 1208581
5, ps, 100704567731220.72, 6.07, 0.00, 1337643
5, ps, 100677978788787.01, 6.67, 0.00, 1467820
5, ps, 100598293639254.59, 7.27, 0.00, 1597277
5, ps, 100604669683884.76, 7.87, 0.00, 1716594
5, ps, 100642103215174.62, 8.47, 0.00, 1834858
5, ps, 100481597128641.26, 9.07, 0.00, 1956609
5, ps, 100653056806552.37, 9.67, 0.00, 2083585
5, ps, 100794671084405.99, 10.27, 0.00, 2191271
5, ps, 100796304893646.37, 10.87, 0.00, 2293901
5, ps, 100837642957977.32, 11.47, 0.00, 2387207
5, ps, 100858613529708.72, 12.07, 0.00, 2487540
5, ps, 100880582277476.16, 12.67, 0.00, 2598476
5, ps, 100860571592965.88, 13.27, 0.00, 2692710
5, ps, 100904279481912.70, 13.87, 0.00, 2798276
5, ps, 100918249755062.20, 14.47, 0.00, 2911458
5, ps, 100849254794156.55, 15.07, 0.00, 3034080
5, ps, 100921650823166.36, 15.67, 0.00, 3155665
5, ps, 100956021701401.03, 16.27, 0.00, 3278310
5, ps, 100981280678856.25, 16.87, 0.00, 3409670
5, ps, 100962637921116.18, 17.47, 0.00, 3536866
5, ps, 101025841415917.39, 18.07, 0.00, 3676220
5, ps, 100980104843740.23, 18.67, 0.00, 3818739
5, ps, 100922226364098.34, 19.27, 0.00, 3954488
5, ps, 100959096742911.65, 19.87, 0.00, 4093656
5, ps, 100988534419233.79, 20.47, 0.00, 4230866
5, ps, 100975991882320.28, 21.07, 0.00, 4368222
5, ps, 100976025993217.02, 21.67, 0.00, 4513543
5, ps, 100948534582039.37, 22.27, 0.00, 4647718
5, ps, 100938206449277.08, 22.87, 0.00, 4786702
5, ps, 100933586950690.97, 23.47, 0.00, 4921893
5, ps, 100920844214208.67, 24.07, 0.00, 5059257
5, ps, 100913426930394.82, 24.67, 0.00, 5200377
5, ps, 100949683128881.99, 25.27, 0.00, 5341719
5, ps, 100906872892691.41, 25.87, 0.00, 5488214
5, ps, 100892570461385.41, 26.47, 0.00, 5636243
5, ps, 100915013529035.64, 27.07, 0.00, 5784088
5, ps, 100944420035976.38, 27.67, 0.00, 5924102
5, ps, 100973988069988.57, 28.27, 0.00, 6069626
5, ps, 100956754837769.53, 28.87, 0.00, 6209127
5, ps, 100934419227815.97, 29.47, 0.00, 6368934
5, ps, 100881343925132.16, 30.07, 0.00, 6506133
5, ps, 100868078855373.87, 30.67, 0.00, 6652340
5, ps, 100835861864977.39, 31.27, 0.00, 6791866
5, ps, 100825377890907.79, 31.87, 0.00, 6913050
5, ps, 100798822375515.47, 32.48, 0.00, 7060051
5, ps, 100814685108835.49, 33.09, 0.00, 7193094
5, ps, 100829142655703.84, 33.70, 0.00, 7325003
5, ps, 100858830592544.05, 34.31, 0.00, 7481073
5, ps, 100874284678673.66, 34.92, 0.00, 7613061
5, ps, 100862818687510.99, 35.53, 0.00, 7754908
5, ps, 100871589111534.21, 36.14, 0.00, 7892490
5, ps, 100885859735967.61, 36.75, 0.00, 8039412
5, ps, 100852764881450.21, 37.36, 0.00, 8183498
5, ps, 100852576376348.45, 37.97, 0.00, 8315862
5, ps, 100842430700812.07, 38.58, 0.00, 8448536
5, ps, 100852448395535.50, 39.19, 0.00, 8604142
5, ps, 100836057506724.53, 39.80, 0.00, 8742181
5, ps, 100858407270283.09, 40.41, 0.00, 8875660
5, ps, 100851122220509.75, 41.02, 0.00, 9005106
5, ps, 100857573327834.47, 41.63, 0.00, 9139875
5, ps, 100868109725217.26, 42.24, 0.00, 9292411
5, ps, 100864921036984.88, 42.85, 0.00, 9429704
5, ps, 100856371166131.10, 43.46, 0.00, 9569486
5, ps, 100848266757181.99, 44.07, 0.00, 9709683
5, ps, 100845218090002.64, 44.68, 0.00, 9840381
5, ps, 100841623245256.71, 45.29, 0.00, 9979590
5, ps, 100798119212335.93, 45.90, 0.00, 10126200
5, ps, 100795703326571.77, 46.51, 0.00, 10269835
5, ps, 100770743140927.12, 47.12, 0.00, 10411914
5, ps, 100781741912148.27, 47.73, 0.00, 10565812
5, ps, 100793359556325.18, 48.34, 0.00, 10713945
5, ps, 100788236745857.07, 48.95, 0.00, 10864916
5, ps, 100791700689007.35, 49.56, 0.00, 11012484
5, ps, 100800854327032.45, 50.17, 0.00, 11147430
5, ps, 100796553196668.31, 50.78, 0.00, 11298193
5, ps, 100807137378820.17, 51.39, 0.00, 11429578
5, ps, 100805920580117.47, 52.00, 0.00, 11569293
5, ps, 100781516333367.23, 52.61, 0.00, 11704971
5, ps, 100788187281214.56, 53.22, 0.00, 11834403
5, ps, 100787246982775.32, 53.83, 0.00, 11976723
5, ps, 100779338300549.98, 54.44, 0.00, 12106125
5, ps, 100767398575587.15, 55.05, 0.00, 12248077
5, ps, 100775302288629.61, 55.66, 0.00, 12379639
5, ps, 100760135074185.70, 56.27, 0.00, 12519459
5, ps, 100760975606107.75, 56.88, 0.00, 12657491
5, ps, 100773797749576.51, 57.49, 0.00, 12794977
5, ps, 100778982280674.71, 58.10, 0.00, 12931290
5, ps, 100800373925387.23, 58.71, 0.00, 13054972
5, ps, 100791988103404.96, 59.32, 0.00, 13181970
5, ps, 100804322478660.63, 59.93, 0.00, 13307810
6, ps, 112905752432034.21, 0.01, 0.00, 3555
6, ps, 101059867247024.52, 0.62, 0.00, 131319
6, ps, 100550473910010.50, 1.23, 0.00, 260013
6, ps, 100200414813682.43, 1.84, 0.00, 398465
6, ps, 100675232745020.35, 2.45, 0.00, 526268
6, ps, 101146427139692.03, 3.06, 0.00, 656466
6, ps, 101280653622689.54, 3.67, 0.00, 780486
6, ps, 101378682005692.75, 4.27, 0.00, 902251
6, ps, 101587203866596.32, 4.87, 0.00, 1027193
6, ps, 101698754131319.63, 5.47, 0.00, 1149510
6, ps, 101556398611534.48, 6.07, 0.00, 1267588
6, ps, 101524517073595.33, 6.67, 0.00, 1376744
6, ps, 101551614190235.23, 7.27, 0.00, 1479626
6, ps, 101377045257125.12, 7.87, 0.00, 1585781
6, ps, 101278577178347.95, 8.47, 0.00, 1686437
6, ps, 101214089114305.39, 9.07, 0.00, 1783967
6, ps, 101101372070285.23, 9.67, 0.00, 1882140
6, ps, 101157977894084.89, 10.27, 0.00, 1983764
6, ps, 101117174865616.03, 10.87, 0.00, 2077991
6, ps, 101170850508958.92, 11.47, 0.00, 2177569
6, ps, 101026488854588.89, 12.07, 0.00, 2298607
6, ps, 101018562934144.54, 12.67, 0.00, 2414646
6, ps, 100926785001041.85, 13.27, 0.00, 2549057
6, ps, 100983513129755.30, 13.87, 0.00, 2691112
6, ps, 101023980330972.46, 14.47, 0.00, 2820894
6, ps, 101089562702329.36, 15.07, 0.00, 2958123
6, ps, 101191397963404.60, 15.67, 0.00, 3082436
6, ps, 101152765007199.05, 16.27, 0.00, 3224335
6, ps, 101192325967585.34, 16.87, 0.00, 3364246
6, ps, 101228759348400.02, 17.47, 0.00, 3501885
6, ps, 101180336286695.21, 18.07, 0.00, 3641215
6, ps, 101121101710037.30, 18.67, 0.00, 3786784
6, ps, 101125187641777.16, 19.27, 0.00, 3924739
6, ps, 101128497556105.20, 19.87, 0.00, 4064464
6, ps, 101139427660575.16, 20.47, 0.00, 4207056
6, ps, 101107108997648.31, 21.07, 0.00, 4339893
6, ps, 101135124716341.38, 21.67, 0.00, 4482125
6, ps, 101141960139462.68, 22.27, 0.00, 4620755
6, ps, 101071213872471.72, 22.87, 0.00, 4756485
6, ps, 101045648732934.51, 23.47, 0.00, 4893594
6, ps, 101033215631984.34, 24.07, 0.00, 5037125
6, ps, 101064217117403.02, 24.67, 0.00, 5171298
6, ps, 101050140379647.62, 25.27, 0.00, 5318787
6, ps, 101061161422456.39, 25.87, 0.00, 5470556
6, ps, 101080402443760.00, 26.47, 0.00, 5605915
6, ps, 101091730932401.33, 27.07, 0.00, 5748187
6, ps, 101093358716790.01, 27.67, 0.00, 5880922
6, ps, 101054398015363.23, 28.27, 0.00, 6016032
6, ps, 101111036632094.12, 28.87, 0.00, 6164557
6, ps, 101106841989702.25, 29.47, 0.00, 6313087
6, ps, 101123008490601.03, 30.07, 0.00, 6447302
6, ps, 101105822124412.65, 30.67, 0.00, 6582364
6, ps, 101037153400015.86, 31.27, 0.00, 6726023
6, ps, 101032277323865.12, 31.87, 0.00, 6854759
6, ps, 101020793355347.15, 32.48, 0.00, 6991098
6, ps, 101039889922816.60, 33.09, 0.00, 7128868
6, ps, 101067902060706.62, 33.70, 0.00, 7263183
6, ps, 101067354632304.36, 34.31, 0.00, 7397799
6, ps, 101067575220435.76, 34.92, 0.00, 7530193
6, ps, 101056540647835.70, 35.53, 0.00, 7684635
6, ps, 101038630900543.24, 36.14, 0.00, 7814888
6, ps, 101050676120220.91, 36.75, 0.00, 7950090
6, ps, 101067974290286.87, 37.36, 0.00, 8078720
6, ps, 101037046686318.96, 37.97, 0.00, 8224026
6, ps, 101027239377276.88, 38.58, 0.00, 8351057
6, ps, 101055265548337.44, 39.19, 0.00, 8492451
6, ps, 101011819614404.41, 39.80, 0.00, 8629201
6, ps, 100980027198405.10, 40.41, 0.00, 8781914
6, ps, 100972777068972.38, 41.02, 0.00, 8924005
6, ps, 100966502350547.47, 41.63, 0.00, 9071504
6, ps, 100955304961896.48, 42.24, 0.00, 9222019
6, ps, 100957088741179.50, 42.85, 0.00, 9366248
6, ps, 100966936321256.23, 43.46, 0.00, 9511953
6, ps, 100944693692548.32, 44.07, 0.00, 9655133
6, ps, 100938907181872.44, 44.68, 0.00, 9802653
6, ps, 100925364530898.26, 45.29, 0.00, 9940054
6, ps, 100939053544333.70, 45.90, 0.00, 10085853
6, ps, 100946606208820.56, 46.51, 0.00, 10238036
6, ps, 100939021710914.26, 47.12, 0.00, 10379825
6, ps, 100976065851041.93, 47.73, 0.00, 10556988
6, ps, 100977555172418.97, 48.34, 0.00, 10688168
6, ps, 100974526098214.47, 48.95, 0.00, 10827146
6, ps, 100981524317887.74, 49.56, 0.00, 10982135
6, ps, 100977480875244.10, 50.17, 0.00, 11136369
6, ps, 100954594604283.34, 50.78, 0.00, 11290789
6, ps, 100952150857565.95, 51.39, 0.00, 11429895
6, ps, 100933498710023.71, 52.00, 0.00, 11565967
6, ps, 100951520614045.98, 52.61, 0.00, 11699302
6, ps, 100983922892030.61, 53.22, 0.00, 11829170
6, ps, 100989408100150.50, 53.83, 0.00, 11952766
6, ps, 100991711495127.00, 54.44, 0.00, 12092464
6, ps, 100980113515980.97, 55.05, 0.00, 12211996
6, ps, 100988836302355.29, 55.66, 0.00, 12346309
6, ps, 100996481506379.06, 56.27, 0.00, 12487181
6, ps, 100997855617451.39, 56.88, 0.00, 12615394
6, ps, 100994757826493.43, 57.49, 0.00, 12736707
6, ps, 100976825036403.44, 58.10, 0.00, 12869348
6, ps, 100994238860101.87, 58.71, 0.00, 12994541
6, ps, 100994864096693.39, 59.32, 0.00, 13125286
6, ps, 101003141613334.74, 59.93, 0.00, 13253580
7, ps, 112816498872799.40, 0.01, 0.00, 1035
7, ps, 101418780258722.14, 0.62, 0.00, 121212
7, ps, 101331536155925.89, 1.23, 0.00, 243677
7, ps, 101408836603554.21, 1.84, 0.00, 375078
7, ps, 101383320699090.23, 2.45, 0.00, 495581
7, ps, 101189301253565.69, 3.06, 0.00, 619749
7, ps, 100935228533177.73, 3.67, 0.00, 744367
7, ps, 101136041253889.57, 4.27, 0.00, 867687
7, ps, 100764802017278.01, 4.87, 0.00, 979665
7, ps, 101046385267903.15, 5.47, 0.00, 1085702
7, ps, 101057675373383.60, 6.07, 0.00, 1188757
7, ps, 101129644693536.92, 6.67, 0.00, 1282210
7, ps, 101120655778162.40, 7.27, 0.00, 1375206
7, ps, 101170323348860.31, 7.87, 0.00, 1479594
7, ps, 101112711655838.82, 8.47, 0.00, 1591731
7, ps, 101237248236028.49, 9.07, 0.00, 1723493
7, ps, 101229394469809.65, 9.67, 0.00, 1847823
7, ps, 101161029045855.04, 10.27, 0.00, 1981053
7, ps, 101205401374357.28, 10.87, 0.00, 2106952
7, ps, 101153115258771.51, 11.47, 0.00, 2233305
7, ps, 101069534863037.76, 12.07, 0.00, 2375123
7, ps, 101095049510174.77, 12.67, 0.00, 2512005
7, ps, 101185920324149.38, 13.27, 0.00, 2647666
7, ps, 101239459032716.64, 13.87, 0.00, 2778307
7, ps, 101283086657682.10, 14.47, 0.00, 2919110
7, ps, 101271172239114.67, 15.07, 0.00, 3058119
7, ps, 101118696345196.51, 15.67, 0.00, 3213026
7, ps, 101051952241773.29, 16.27, 0.00, 3347976
7, ps, 101037607946823.76, 16.87, 0.00, 3486986
7, ps, 101028310157710.44, 17.47, 0.00, 3628202
7, ps, 101045184643117.97, 18.07, 0.00, 3769551
7, ps, 101008210105837.26, 18.67, 0.00, 3925744
7, ps, 101006905131934.58, 19.27, 0.00, 4062493
7, ps, 101018477870494.75, 19.87, 0.00, 4218613
7, ps, 101001355602124.13, 20.47, 0.00, 4350940
7, ps, 101047805990164.15, 21.07, 0.00, 4494755
7, ps, 101034638530071.33, 21.67, 0.00, 4628390
7, ps, 101081470025735.17, 22.27, 0.00, 4763908
7, ps, 101057796734179.99, 22.87, 0.00, 4907918
7, ps, 101004906899114.30, 23.47, 0.00, 5053222
7, ps, 101013215117622.15, 24.07, 0.00, 5211766
7, ps, 101006651653695.36, 24.67, 0.00, 5356209
7, ps, 100986480095165.59, 25.27, 0.00, 5490789
7, ps, 101009806523744.46, 25.87, 0.00, 5638028
7, ps, 101034803789521.00, 26.47, 0.00, 5774666
7, ps, 101001450610219.53, 27.07, 0.00, 5911689
7, ps, 101016291200922.26, 27.67, 0.00, 6043930
7, ps, 101011196293198.22, 28.27, 0.00, 6179374
7, ps, 101007405212469.26, 28.87, 0.00, 6323077
7, ps, 101024925075127.25, 29.47, 0.00, 6469183
7, ps, 101008131049472.89, 30.07, 0.00, 6616727
7, ps, 101030944387370.50, 30.67, 0.00, 6738391
7, ps, 101036246085274.39, 31.27, 0.00, 6878470
7, ps, 101054518508938.77, 31.87, 0.00, 7024819
7, ps, 101061864038819.62, 32.48, 0.00, 7157737
7, ps, 101094453029198.41, 33.09, 0.00, 7286054
7, ps, 101095465184553.84, 33.70, 0.00, 7417326
7, ps, 101109086379761.37, 34.31, 0.00, 7551714
7, ps, 101092689842547.64, 34.92, 0.00, 7691001
7, ps, 101081875112614.72, 35.53, 0.00, 7828511
7, ps, 101121811204389.15, 36.14, 0.00, 7972138
7, ps, 101115451225502.00, 36.75, 0.00, 8102533
7, ps, 101123118683886.07, 37.36, 0.00, 8254463
7, ps, 101114765153951.04, 37.97, 0.00, 8383632
7, ps, 101097124105036.65, 38.58, 0.00, 8525082
7, ps, 101104002580475.48, 39.19, 0.00, 8668233
7, ps, 101088795987273.04, 39.80, 0.00, 8809698
7, ps, 101070372655244.39, 40.41, 0.00, 8943945
7, ps, 101074916904798.76, 41.02, 0.00, 9091160
7, ps, 101070996366974.66, 41.63, 0.00, 9224514
7, ps, 101075479885587.65, 42.24, 0.00, 9369176
7, ps, 101082844889013.69, 42.85, 0.00, 9512832
7, ps, 101092104279308.82, 43.46, 0.00, 9658145
7, ps, 101083056761331.17, 44.07, 0.00, 9811145
7, ps, 101078122427422.23, 44.68, 0.00, 9953677
7, ps, 101076063647919.70, 45.29, 0.00, 10093896
7, ps, 101061873771453.84, 45.90, 0.00, 10229139
7, ps, 101050043712145.08, 46.51, 0.00, 10365839
7, ps, 101071793583800.41, 47.12, 0.00, 10502385
7, ps, 101058497494785.42, 47.73, 0.00, 10630845
7, ps, 101066062032118.32, 48.34, 0.00, 10763003
7, ps, 101073704446421.63, 48.95, 0.00, 10901956
7, ps, 101086944236724.88, 49.56, 0.00, 11029592
7, ps, 101116087343580.08, 50.17, 0.00, 11168485
7, ps, 101144656262173.20, 50.78, 0.00, 11300183
7, ps, 101135248687694.23, 51.39, 0.00, 11428252
7, ps, 101139147686023.63, 52.00, 0.00, 11561571
7, ps, 101129371189929.49, 52.61, 0.00, 11704778
7, ps, 101122232648985.78, 53.22, 0.00, 11844438
7, ps, 101105050087543.76, 53.83, 0.00, 11989206
7, ps, 101128295837151.86, 54.44, 0.00, 12144417
7, ps, 101125340989296.14, 55.05, 0.00, 12266083
7, ps, 101117015743601.14, 55.66, 0.00, 12407702
7, ps, 101112077795366.65, 56.27, 0.00, 12533334
7, ps, 101116046578214.92, 56.88, 0.00, 12660281
7, ps, 101138157851533.39, 57.49, 0.00, 12775165
7, ps, 101138952861312.68, 58.10, 0.00, 12897099
7, ps, 101142562848835.65, 58.71, 0.00, 13027706
7, ps, 101138661380809.10, 59.32, 0.00, 13161157
7, ps, 101147397336942.12, 59.93, 0.00, 13285634
8, ps, 115021979025193.23, 0.01, 0.00, 1951
8, ps, 98378183251455.20, 0.62, 0.00, 120118
8, ps, 100221192674215.38, 1.23, 0.00, 232414
8, ps, 100867999643631.70, 1.84, 0.00, 333679
8, ps, 100947509568815.16, 2.45, 0.00, 450495
8, ps, 100904720917688.18, 3.06, 0.00, 553187
8, ps, 100960381288843.24, 3.67, 0.00, 657495
8, ps, 100913487378318.82, 4.27, 0.00, 753097
8, ps, 101084437626937.25, 4.87, 0.00, 853727
8, ps, 101087797230817.05, 5.47, 0.00, 960147
8, ps, 101278423042599.78, 6.07, 0.00, 1078711
8, ps, 101108716967516.77, 6.67, 0.00, 1197125
8, ps, 101119318257830.31, 7.27, 0.00, 1322612
8, ps, 101011438369369.22, 7.87, 0.00, 1457303
8, ps, 100958000512725.34, 8.47, 0.00, 1600188
8, ps, 101045057654763.59, 9.07, 0.00, 1725435
8, ps, 101149576365318.08, 9.67, 0.00, 1863765
8, ps, 100988136171157.36, 10.27, 0.00, 2000975
8, ps, 101046684844912.30, 10.87, 0.00, 2127992
8, ps, 101107859118947.32, 11.47, 0.00, 2269221
8, ps, 101097326086387.18, 12.07, 0.00, 2405474
8, ps, 101067728871165.94, 12.67, 0.00, 2543336
8, ps, 101099060414947.82, 13.27, 0.00, 2680890
8, ps, 101034838062093.85, 13.87, 0.00, 2806235
8, ps, 100992683727763.28, 14.47, 0.00, 2961340
8, ps, 101044174843707.47, 15.07, 0.00, 3100415
8, ps, 100957893009086.99, 15.67, 0.00, 3239486
8, ps, 100974233223674.82, 16.27, 0.00, 3370356
8, ps, 101030530298102.22, 16.87, 0.00, 3517424
8, ps, 100979828920019.78, 17.47, 0.00, 3659936
8, ps, 101010818931706.42, 18.07, 0.00, 3805964
8, ps, 101037774357447.06, 18.67, 0.00, 3948196
8, ps, 101031238917178.07, 19.27, 0.00, 4080548
8, ps, 101070544637786.15, 19.87, 0.00, 4215465
8, ps, 101062118989537.09, 20.47, 0.00, 4347638
8, ps, 101046847027648.99, 21.07, 0.00, 4487756
8, ps, 101021480610780.74, 21.67, 0.00, 4622726
8, ps, 101016171003039.44, 22.27, 0.00, 4770690
8, ps, 101021607194589.76, 22.87, 0.00, 4922553
8, ps, 101003201451077.48, 23.47, 0.00, 5061201
8, ps, 101028059731147.62, 24.07, 0.00, 5185790
8, ps, 101098657750649.00, 24.67, 0.00, 5323056
8, ps, 101068924923739.97, 25.27, 0.00, 5464612
8, ps, 101082748544845.97, 25.87, 0.00, 5597374
8, ps, 101057504685025.84, 26.47, 0.00, 5726971
8, ps, 101065819532353.86, 27.07, 0.00, 5859508
8, ps, 101049582485719.33, 27.67, 0.00, 6007562
8, ps, 101087387442004.80, 28.27, 0.00, 6146868
8, ps, 101043730663766.98, 28.87, 0.00, 6294135
8, ps, 101034334215523.74, 29.47, 0.00, 6421522
8, ps, 101034333208731.61, 30.07, 0.00, 6557172
8, ps, 101066315697696.32, 30.67, 0.00, 6690361
8, ps, 101021613464124.10, 31.27, 0.00, 6814396
8, ps, 101005710088983.31, 31.87, 0.00, 6945612
8, ps, 100984440488099.69, 32.48, 0.00, 7090145
8, ps, 101023743710767.71, 33.09, 0.00, 7226157
8, ps, 101030719516127.18, 33.70, 0.00, 7367543
8, ps, 101068382566571.39, 34.31, 0.00, 7509229
8, ps, 101098709075968.98, 34.92, 0.00, 7644092
8, ps, 101101474159871.39, 35.53, 0.00, 7781103
8, ps, 101109086319901.18, 36.14, 0.00, 7922635
8, ps, 101127997197410.75, 36.75, 0.00, 8062054
8, ps, 101120035838169.17, 37.36, 0.00, 8207696
8, ps, 101128674244950.76, 37.97, 0.00, 8359585
8, ps, 101126958759767.86, 38.58, 0.00, 8502036
8, ps, 101127954400565.40, 39.19, 0.00, 8634554
8, ps, 101124880513711.74, 39.80, 0.00, 8786853
8, ps, 101129264643680.12, 40.41, 0.00, 8929211
8, ps, 101148344368232.26, 41.02, 0.00, 9069914
8, ps, 101141173785751.83, 41.63, 0.00, 9210880
8, ps, 101158366066550.22, 42.24, 0.00, 9353311
8, ps, 101139986307132.29, 42.85, 0.00, 9497951
8, ps, 101148987693351.50, 43.46, 0.00, 9654878
8, ps, 101177499829333.37, 44.07, 0.00, 9783576
8, ps, 101147849922968.39, 44.68, 0.00, 9924539
8, ps, 101150225197227.97, 45.29, 0.00, 10068819
8, ps, 101171924693952.99, 45.90, 0.00, 10194587
8, ps, 101142985487540.68, 46.51, 0.00, 10331547
8, ps, 101146803495204.84, 47.12, 0.00, 10466602
8, ps, 101162479220002.87, 47.73, 0.00, 10606536
8, ps, 101144140000405.22, 48.34, 0.00, 10733175
8, ps, 101176995429448.00, 48.95, 0.00, 10865004
8, ps, 101162733327773.87, 49.56, 0.00, 10994493
8, ps, 101164189763551.40, 50.17, 0.00, 11127971
8, ps, 101164335790811.69, 50.78, 0.00, 11254792
8, ps, 101166372688676.99, 51.39, 0.00, 11386197
8, ps, 101186501785084.13, 52.00, 0.00, 11510615
8, ps, 101186459772317.56, 52.61, 0.00, 11646787
8, ps, 101166150481633.73, 53.22, 0.00, 11771271
8, ps, 101162759533675.37, 53.83, 0.00, 11890425
8, ps, 101152095055166.64, 54.44, 0.00, 12017539
8, ps, 101145172623657.38, 55.05, 0.00, 12156821
8, ps, 101179255574769.05, 55.66, 0.00, 12283926
8, ps, 101185004393645.95, 56.27, 0.00, 12405225
8, ps, 101180147073013.47, 56.88, 0.00, 12522540
8, ps, 101184328889462.09, 57.49, 0.00, 12641586
8, ps, 101188874942179.48, 58.10, 0.00, 12772386
8, ps, 101183396488740.14, 58.71, 0.00, 12886169
8, ps, 101193854725228.67, 59.32, 0.00, 12997917
8, ps, 101208150966149.69, 59.93, 0.00, 13105936
9, ps, 126594789392022.03, 0.01, 0.00, 245
9, ps, 100327209266841.84, 0.62, 0.00, 106728
9, ps, 101532934073470.61, 1.23, 0.00, 210436
9, ps, 101726590141579.37, 1.84, 0.00, 308193
9, ps, 101338491155202.88, 2.45, 0.00, 408825
9, ps, 101501596302817.58, 3.06, 0.00, 529389
9, ps, 101609261436976.66, 3.67, 0.00, 645701
9, ps, 101600522393473.16, 4.27, 0.00, 771241
9, ps, 101562925168139.64, 4.87, 0.00, 910656
9, ps, 101380833613431.81, 5.47, 0.00, 1051815
9, ps, 101462295400955.60, 6.07, 0.00, 1189267
9, ps, 101312666259205.46, 6.67, 0.00, 1329164
9, ps, 101290617225379.62, 7.27, 0.00, 1455736
9, ps, 101305797692502.92, 7.87, 0.00, 1599827
9, ps, 101330498663635.15, 8.47, 0.00, 1732962
9, ps, 101295305552172.91, 9.07, 0.00, 1871206
9, ps, 101299236903039.81, 9.67, 0.00, 2024223
9, ps, 101278503761956.19, 10.27, 0.00, 2169724
9, ps, 101229472234316.44, 10.87, 0.00, 2309011
9, ps, 101198440157708.71, 11.47, 0.00, 2441345
9, ps, 101194072595909.22, 12.07, 0.00, 2576778
9, ps, 101197500257183.93, 12.67, 0.00, 2719081
9, ps, 101184916349139.07, 13.27, 0.00, 2847150
9, ps, 101165351765020.25, 13.87, 0.00, 2991110
9, ps, 101075267870131.27, 14.47, 0.00, 3137656
9, ps, 101108300092551.72, 15.07, 0.00, 3282864
9, ps, 101160056492142.10, 15.67, 0.00, 3424457
9, ps, 101183071785219.64, 16.27, 0.00, 3561671
9, ps, 101190361760988.89, 16.87, 0.00, 3699758
9, ps, 101174327136420.50, 17.47, 0.00, 3847582
9, ps, 101175259526380.74, 18.07, 0.00, 3983819
9, ps, 101130741386391.88, 18.67, 0.00, 4117395
9, ps, 101135125279192.03, 19.27, 0.00, 4267578
9, ps, 101111400283169.52, 19.87, 0.00, 4427132
9, ps, 101121266500334.77, 20.47, 0.00, 4570190
9, ps, 101135370830938.69, 21.07, 0.00, 4703678
9, ps, 101090019696536.18, 21.67, 0.00, 4849900
9, ps, 101102204562537.86, 22.27, 0.00, 4989476
9, ps, 101104969762938.93, 22.87, 0.00, 5115421
9, ps, 101105926645817.09, 23.47, 0.00, 5258361
9, ps, 101103392128860.24, 24.07, 0.00, 5400763
9, ps, 101077526225856.06, 24.67, 0.00, 5543856
9, ps, 101119181964850.56, 25.27, 0.00, 5671461
9, ps, 101128687318377.75, 25.87, 0.00, 5811611
9, ps, 101098307175193.59, 26.47, 0.00, 5951845
9, ps, 101067519942798.45, 27.07, 0.00, 6075526
9, ps, 101141266740316.87, 27.67, 0.00, 6217065
9, ps, 101141546583986.57, 28.27, 0.00, 6359120
9, ps, 101153350499193.46, 28.87, 0.00, 6499171
9, ps, 101134506883540.02, 29.47, 0.00, 6635212
9, ps, 101161594903556.34, 30.07, 0.00, 6776850
9, ps, 101170111426630.45, 30.67, 0.00, 6905075
9, ps, 101184115104994.07, 31.27, 0.00, 7041029
9, ps, 101205264487231.66, 31.87, 0.00, 7181306
9, ps, 101208157526583.50, 32.48, 0.00, 7322124
9, ps, 101232052214791.05, 33.09, 0.00, 7452825
9, ps, 101225903468380.53, 33.70, 0.00, 7604009
9, ps, 101221189672620.16, 34.31, 0.00, 7749622
9, ps, 101243426698414.60, 34.92, 0.00, 7897670
9, ps, 101227056853759.17, 35.53, 0.00, 8046793
9, ps, 101215389079386.89, 36.14, 0.00, 8198071
9, ps, 101199183751898.08, 36.75, 0.00, 8351507
9, ps, 101212036739914.77, 37.36, 0.00, 8494709
9, ps, 101189089752319.45, 37.97, 0.00, 8632168
9, ps, 101216599104486.13, 38.58, 0.00, 8777683
9, ps, 101201167382939.01, 39.19, 0.00, 8925535
9, ps, 101232972209690.12, 39.80, 0.00, 9067324
9, ps, 101193601906977.48, 40.41, 0.00, 9202502
9, ps, 101212318114260.82, 41.02, 0.00, 9348920
9, ps, 101240615328011.04, 41.63, 0.00, 9487285
9, ps, 101254541968871.29, 42.24, 0.00, 9619353
9, ps, 101242926788599.63, 42.85, 0.00, 9755791
9, ps, 101253716182094.66, 43.46, 0.00, 9894486
9, ps, 101248425237168.65, 44.07, 0.00, 10031141
9, ps, 101254319791943.47, 44.68, 0.00, 10171498
9, ps, 101267604078018.51, 45.29, 0.00, 10309771
9, ps, 101261125651633.62, 45.90, 0.00, 10439831
9, ps, 101274334216666.69, 46.51, 0.00, 10577563
9, ps, 101261015248606.94, 47.12, 0.00, 10711652
9, ps, 101241270845533.23, 47.73, 0.00, 10848519
9, ps, 101231724250250.01, 48.34, 0.00, 10982134
9, ps, 101215036957227.90, 48.95, 0.00, 11121912
9, ps, 101226751222431.87, 49.56, 0.00, 11258306
9, ps, 101215118167083.42, 50.17, 0.00, 11393872
9, ps, 101229585255362.03, 50.78, 0.00, 11515881
9, ps, 101220959265759.62, 51.39, 0.00, 11644007
9, ps, 101211073340494.61, 52.00, 0.00, 11776159
9, ps, 101195582906734.81, 52.61, 0.00, 11896971
9, ps, 101192621997948.57, 53.22, 0.00, 12012690
9, ps, 101202142573457.67, 53.83, 0.00, 12136673
9, ps, 101198203323001.94, 54.44, 0.00, 12271494
9, ps, 101208855432163.63, 55.05, 0.00, 12398534
9, ps, 101209723184453.72, 55.66, 0.00, 12517799
9, ps, 101197127632209.33, 56.27, 0.00, 12621670
9, ps, 101202504020870.00, 56.88, 0.00, 12726552
9, ps, 101200613090589.17, 57.49, 0.00, 12825097
9, ps, 101210552349938.09, 58.10, 0.00, 12924821
9, ps, 101201208823417.66, 58.71, 0.00, 13021148
9, ps, 101214963312528.98, 59.32, 0.00, 13141123
9, ps, 101203717124569.71, 59.93, 0.00, 13256932
10, ps, 88661386929681.29, 0.01, 0.00, 2778
10, ps, 100591421397798.99, 0.62, 0.00, 121157
10, ps, 100069524608435.78, 1.23, 0.00, 271983
10, ps, 100648870595848.34, 1.84, 0.00, 404176
10, ps, 100908374365843.49, 2.45, 0.00, 543042
10, ps, 101118838104543.32, 3.06, 0.00, 681544
10, ps, 101108017631078.69, 3.67, 0.00, 825252
10, ps, 100988941468531.59, 4.27, 0.00, 964140
10, ps, 101081065611248.24, 4.87, 0.00, 1107061
10, ps, 101106960666605.70, 5.47, 0.00, 1237512
10, ps, 101417930179016.22, 6.07, 0.00, 1371211
10, ps, 101414123703601.35, 6.67, 0.00, 1499838
10, ps, 101441650818830.81, 7.27, 0.00, 1643403
10, ps, 101313278871581.43, 7.87, 0.00, 1787983
10, ps, 101263782134076.12, 8.47, 0.00, 1920434
10, ps, 101248328535657.19, 9.07, 0.00, 2044738
10, ps, 101307013618672.38, 9.67, 0.00, 2207653
10, ps, 101243718641407.94, 10.27, 0.00, 2358909
10, ps, 101243505445133.01, 10.87, 0.00, 2489310
10, ps, 101184624580681.67, 11.47, 0.00, 2638432
10, ps, 101252237600657.82, 12.07, 0.00, 2775704
10, ps, 101247768458304.75, 12.67, 0.00, 2905244
10, ps, 101199472497053.30, 13.27, 0.00, 3035010
10, ps, 101255606338241.37, 13.87, 0.00, 3174627
10, ps, 101227132862642.27, 14.47, 0.00, 3309722
10, ps, 101208566808955.96, 15.07, 0.00, 3449423
10, ps, 101166714044203.45, 15.67, 0.00, 3601399
10, ps, 101185187565094.22, 16.27, 0.00, 3731988
10, ps, 101217057419561.66, 16.87, 0.00, 3869102
10, ps, 101234723284953.02, 17.47, 0.00, 4010152
10, ps, 101244495272996.36, 18.07, 0.00, 4150197
10, ps, 101259947203232.43, 18.67, 0.00, 4294785
10, ps, 101241789105837.54, 19.27, 0.00, 4428098
10, ps, 101213440322268.36, 19.87, 0.00, 4575816
10, ps, 101205061199345.89, 20.47, 0.00, 4720233
10, ps, 101248180041195.05, 21.07, 0.00, 4858902
10, ps, 101275492839955.46, 21.67, 0.00, 5004466
10, ps, 101295033938189.29, 22.27, 0.00, 5142962
10, ps, 101265405945915.32, 22.87, 0.00, 5282942
10, ps, 101265690035475.52, 23.47, 0.00, 5430050
10, ps, 101227128685081.07, 24.07, 0.00, 5570520
10, ps, 101255277871979.55, 24.67, 0.00, 5701064
10, ps, 101239866721146.04, 25.27, 0.00, 5846371
10, ps, 101279260428701.33, 25.87, 0.00, 5973186
10, ps, 101305727468461.96, 26.47, 0.00, 6101185
10, ps, 101333363836904.48, 27.07, 0.00, 6228019
10, ps, 101366951229740.21, 27.67, 0.00, 6363626
10, ps, 101356814225002.93, 28.27, 0.00, 6511451
10, ps, 101320839402817.53, 28.87, 0.00, 6650902
10, ps, 101280217580276.95, 29.47, 0.00, 6804184
10, ps, 101278361838124.78, 30.07, 0.00, 6943721
10, ps, 101264319504035.30, 30.67, 0.00, 7092133
10, ps, 101280847847387.45, 31.27, 0.00, 7237536
10, ps, 101287169648654.91, 31.87, 0.00, 7372972
10, ps, 101289756012885.83, 32.48, 0.00, 7530769
10, ps, 101280350095540.92, 33.09, 0.00, 7670914
10, ps, 101274940150323.43, 33.70, 0.00, 7801283
10, ps, 101253565698473.14, 34.31, 0.00, 7945944
10, ps, 101263376628726.09, 34.92, 0.00, 8090877
10, ps, 101242257184835.77, 35.53, 0.00, 8238280
10, ps, 101233039924240.73, 36.14, 0.00, 8388327
10, ps, 101234709521171.50, 36.75, 0.00, 8528400
10, ps, 101210631239286.70, 37.36, 0.00, 8661336
10, ps, 101202841532660.70, 37.97, 0.00, 8796291
10, ps, 101193090033971.16, 38.58, 0.00, 8944349
10, ps, 101218985311921.66, 39.19, 0.00, 9090387
10, ps, 101224670030786.45, 39.80, 0.00, 9225758
10, ps, 101202530654850.38, 40.41, 0.00, 9357522
10, ps, 101199911057272.70, 41.02, 0.00, 9486666
10, ps, 101194796276825.57, 41.63, 0.00, 9619281
10, ps, 101207479422365.13, 42.24, 0.00, 9745850
10, ps, 101218193854450.26, 42.85, 0.00, 9873084
10, ps, 101208302351109.97, 43.46, 0.00, 10002922
10, ps, 101207878867302.17, 44.07, 0.00, 10129512
10, ps, 101186653994720.21, 44.68, 0.00, 10266199
10, ps, 101217543246265.70, 45.29, 0.00, 10399624
10, ps, 101226537369845.43, 45.90, 0.00, 10528451
10, ps, 101256524305381.61, 46.51, 0.00, 10661388
10, ps, 101251445193240.84, 47.12, 0.00, 10788885
10, ps, 101240867209361.07, 47.73, 0.00, 10912068
10, ps, 101241900396308.28, 48.34, 0.00, 11032155
10, ps, 101233192228260.54, 48.95, 0.00, 11151943
10, ps, 101235124917097.67, 49.56, 0.00, 11283020
10, ps, 101227381679747.99, 50.17, 0.00, 11403576
10, ps, 101222394926831.74, 50.78, 0.00, 11524864
10, ps, 101236742630283.90, 51.39, 0.00, 11643327
10, ps, 101250877652794.78, 52.00, 0.00, 11765421
10, ps, 101256260476567.43, 52.61, 0.00, 11874220
10, ps, 101259422905079.41, 53.22, 0.00, 11983072
10, ps, 101252420858609.62, 53.83, 0.00, 12077779
10, ps, 101238894151902.32, 54.44, 0.00, 12181249
10, ps, 101235909571793.14, 55.05, 0.00, 12278187
10, ps, 101201076800697.30, 55.66, 0.00, 12385335
10, ps, 101199227465693.19, 56.27, 0.00, 12481400
10, ps, 101211601270061.24, 56.88, 0.00, 12603966
10, ps, 101215960951043.28, 57.49, 0.00, 12731277
10, ps, 101202936241414.92, 58.10, 0.00, 12863490
10, ps, 101203719991797.09, 58.71, 0.00, 12988159
10, ps, 101184334852994.39, 59.32, 0.00, 13131830
10, ps, 101196422968775.15, 59.93, 0.00, 13261295
11, ps, 99677504187003.86, 0.01, 0.00, 1025
11, ps, 102870523944740.32, 0.62, 0.00, 140110
11, ps, 102499273545213.16, 1.23, 0.00, 289672
11, ps, 102521232647150.45, 1.84, 0.00, 417758
11, ps, 102155418475565.48, 2.45, 0.00, 558916
11, ps, 102421045941410.93, 3.06, 0.00, 703375
11, ps, 102367349111900.20, 3.67, 0.00, 842297
11, ps, 102196362319474.39, 4.27, 0.00, 976457
11, ps, 101861956832685.31, 4.87, 0.00, 1133626
11, ps, 101710704756157.68, 5.47, 0.00, 1266221
11, ps, 101791999944046.42, 6.07, 0.00, 1399850
11, ps, 101661868843189.57, 6.67, 0.00, 1533601
11, ps, 101632494152873.65, 7.27, 0.00, 1684370
11, ps, 101513871156396.52, 7.87, 0.00, 1824870
11, ps, 101537706687309.81, 8.47, 0.00, 1973039
11, ps, 101459303473593.52, 9.07, 0.00, 2114105
11, ps, 101355341160202.17, 9.67, 0.00, 2257956
11, ps, 101336864257852.17, 10.27, 0.00, 2404523
11, ps, 101396989515086.38, 10.87, 0.00, 2535527
11, ps, 101425576158195.27, 11.47, 0.00, 2663949
11, ps, 101381516793906.87, 12.07, 0.00, 2796423
11, ps, 101338802074322.80, 12.67, 0.00, 2932412
11, ps, 101303282614618.43, 13.27, 0.00, 3063273
11, ps, 101266603432816.00, 13.87, 0.00, 3201559
11, ps, 101186293516088.42, 14.47, 0.00, 3334696
11, ps, 101228461679851.78, 15.07, 0.00, 3469724
11, ps, 101223274307569.96, 15.67, 0.00, 3601892
11, ps, 101187546268489.90, 16.27, 0.00, 3735453
11, ps, 101133109309777.51, 16.87, 0.00, 3888207
11, ps, 101049814661053.08, 17.47, 0.00, 4030923
11, ps, 101110580189690.38, 18.07, 0.00, 4170941
11, ps, 101097399794799.84, 18.67, 0.00, 4308566
11, ps, 101125182698502.16, 19.27, 0.00, 4450578
11, ps, 101145642226358.66, 19.87, 0.00, 4584511
11, ps, 101126226212195.11, 20.47, 0.00, 4719222
11, ps, 101174152405884.85, 21.07, 0.00, 4857408
11, ps, 101185507150099.78, 21.67, 0.00, 4989858
11, ps, 101188984168113.27, 22.27, 0.00, 5117863
11, ps, 101177041293178.65, 22.87, 0.00, 5251852
11, ps, 101194645998028.62, 23.47, 0.00, 5390466
11, ps, 101123670038745.21, 24.07, 0.00, 5532576
11, ps, 101153733778241.96, 24.67, 0.00, 5651830
11, ps, 101143803848808.44, 25.27, 0.00, 5784587
11, ps, 101124297237049.79, 25.87, 0.00, 5918598
11, ps, 101123146205126.33, 26.47, 0.00, 6054124
11, ps, 101100644981827.48, 27.07, 0.00, 6177913
11, ps, 101092763568980.85, 27.67, 0.00, 6310086
11, ps, 101069697159672.16, 28.27, 0.00, 6479206
11, ps, 101107399886624.07, 28.87, 0.00, 6618062
11, ps, 101085394051756.72, 29.47, 0.00, 6766906
11, ps, 101090763473318.66, 30.07, 0.00, 6907120
11, ps, 101093592250560.86, 30.67, 0.00, 7048561
11, ps, 101122373735925.64, 31.27, 0.00, 7199822
11, ps, 101097186144038.60, 31.87, 0.00, 7345952
11, ps, 101110584356527.14, 32.48, 0.00, 7488610
11, ps, 101147670760394.15, 33.09, 0.00, 7631842
11, ps, 101112946585378.79, 33.70, 0.00, 7776034
11, ps, 101081131004317.16, 34.31, 0.00, 7926613
11, ps, 101096967415880.96, 34.92, 0.00, 8063175
11, ps, 101105594049624.17, 35.53, 0.00, 8203509
11, ps, 101114956559013.48, 36.14, 0.00, 8362343
11, ps, 101121286010637.70, 36.75, 0.00, 8494845
11, ps, 101136106315542.20, 37.36, 0.00, 8626101
11, ps, 101093050428655.10, 37.97, 0.00, 8759607
11, ps, 101089560677810.14, 38.58, 0.00, 8893518
11, ps, 101096067399583.45, 39.19, 0.00, 9032104
11, ps, 101106191502720.32, 39.80, 0.00, 9165905
11, ps, 101137535976510.96, 40.41, 0.00, 9306910
11, ps, 101136584868231.28, 41.02, 0.00, 9436431
11, ps, 101147467255434.17, 41.63, 0.00, 9573818
11, ps, 101138440211767.70, 42.24, 0.00, 9703364
11, ps, 101148150160053.15, 42.85, 0.00, 9841880
11, ps, 101157031612087.09, 43.46, 0.00, 9962271
11, ps, 101165718576680.61, 44.07, 0.00, 10094094
11, ps, 101154234915040.29, 44.68, 0.00, 10224236
11, ps, 101175185239398.39, 45.29, 0.00, 10354839
11, ps, 101160427315662.55, 45.90, 0.00, 10485446
11, ps, 101173581322762.84, 46.51, 0.00, 10620105
11, ps, 101163909320770.70, 47.12, 0.00, 10749022
11, ps, 101161872315630.86, 47.73, 0.00, 10872165
11, ps, 101178001750195.58, 48.34, 0.00, 10991229
11, ps, 101180553467075.38, 48.95, 0.00, 11106643
11, ps, 101181995516962.33, 49.56, 0.00, 11225474
11, ps, 101179918919240.97, 50.17, 0.00, 11338385
11, ps, 101190389492752.89, 50.78, 0.00, 11444021
11, ps, 101196913707352.49, 51.39, 0.00, 11539088
11, ps, 101207475042643.32, 52.00, 0.00, 11635247
11, ps, 101223064181703.70, 52.61, 0.00, 11732876
11, ps, 101208475592841.43, 53.22, 0.00, 11830307
11, ps, 101220205516225.07, 53.83, 0.00, 11939517
11, ps, 101212163807414.89, 54.44, 0.00, 12052173
11, ps, 101200843720367.85, 55.05, 0.00, 12195456
11, ps, 101178072711474.07, 55.66, 0.00, 12331458
11, ps, 101169734612112.50, 56.27, 0.00, 12480981
11, ps, 101177882759724.51, 56.88, 0.00, 12624774
11, ps, 101187119654093.54, 57.49, 0.00, 12771093
11, ps, 101174255468796.28, 58.10, 0.00, 12909189
11, ps, 101183062651747.56, 58.71, 0.00, 13040108
11, ps, 101179379086620.52, 59.32, 0.00, 13194016
11, ps, 101187553136579.64, 59.93, 0.00, 13341016
12, ps, 102539584682728.80, 0.01, 0.00, 1459
12, ps, 101154537884051.65, 0.62, 0.00, 151018
12, ps, 101693876576939.46, 1.23, 0.00, 301080
12, ps, 101795176203196.43, 1.84, 0.00, 443876
12, ps, 101746742530300.89, 2.45, 0.00, 585691
12, ps, 101167084474933.43, 3.06, 0.00, 737341
12, ps, 101189941821198.24, 3.67, 0.00, 875753
12, ps, 101266373048474.98, 4.27, 0.00, 1013584
12, ps, 100966828191595.34, 4.87, 0.00, 1176473
12, ps, 100963450066250.12, 5.47, 0.00, 1324690
12, ps, 101000019377873.42, 6.07, 0.00, 1469408
12, ps, 101107243464261.33, 6.67, 0.00, 1614770
12, ps, 101022128893469.13, 7.27, 0.00, 1759382
12, ps, 101021060970182.88, 7.87, 0.00, 1911178
12, ps, 100956881954332.43, 8.47, 0.00, 2045888
12, ps, 100925421267617.04, 9.07, 0.00, 2186986
12, ps, 100947116479847.43, 9.67, 0.00, 2313879
12, ps, 101052866928814.65, 10.27, 0.00, 2449863
12, ps, 101104571394838.25, 10.87, 0.00, 2583029
12, ps, 101108109704722.52, 11.47, 0.00, 2715025
12, ps, 101054989153283.65, 12.07, 0.00, 2866969
12, ps, 101082961855312.63, 12.67, 0.00, 3011579
12, ps, 101133427225322.30, 13.27, 0.00, 3153134
12, ps, 101149604916320.76, 13.87, 0.00, 3283255
12, ps, 101192202441294.20, 14.47, 0.00, 3429373
12, ps, 101163836929056.38, 15.07, 0.00, 3574215
12, ps, 101201200165633.37, 15.67, 0.00, 3716903
12, ps, 101248570396281.00, 16.27, 0.00, 3861663
12, ps, 101321619321934.35, 16.87, 0.00, 3999060
12, ps, 101323447368818.38, 17.47, 0.00, 4146585
12, ps, 101320348293994.91, 18.07, 0.00, 4282393
12, ps, 101314057788720.27, 18.67, 0.00, 4412694
12, ps, 101310827851408.17, 19.27, 0.00, 4547250
12, ps, 101320146051204.70, 19.87, 0.00, 4687159
12, ps, 101293759687805.28, 20.47, 0.00, 4824475
12, ps, 101309911952459.50, 21.07, 0.00, 4963651
12, ps, 101292702448716.66, 21.67, 0.00, 5104031
12, ps, 101279943165624.28, 22.27, 0.00, 5237437
12, ps, 101266494318596.22, 22.87, 0.00, 5377309
12, ps, 101241938203521.56, 23.47, 0.00, 5516562
12, ps, 101252447346070.73, 24.07, 0.00, 5662663
12, ps, 101265677693409.47, 24.67, 0.00, 5804668
12, ps, 101281473033334.97, 25.27, 0.00, 5961869
12, ps, 101274357741291.06, 25.87, 0.00, 6106876
12, ps, 101251232847383.71, 26.47, 0.00, 6263361
12, ps, 101190761471064.25, 27.07, 0.00, 6395170
12, ps, 101193015275705.53, 27.67, 0.00, 6534269
12, ps, 101197435043070.30, 28.27, 0.00, 6684559
12, ps, 101179625721361.11, 28.87, 0.00, 6832100
12, ps, 101196170386688.61, 29.47, 0.00, 6973898
12, ps, 101166758030055.33, 30.07, 0.00, 7118846
12, ps, 101243746475291.27, 30.67, 0.00, 7258515
12, ps, 101237325052860.60, 31.27, 0.00, 7389884
12, ps, 101205277790472.10, 31.87, 0.00, 7525752
12, ps, 101193946048508.50, 32.48, 0.00, 7667133
12, ps, 101211357309114.90, 33.09, 0.00, 7811754
12, ps, 101234907295238.62, 33.70, 0.00, 7955194
12, ps, 101242799036362.22, 34.31, 0.00, 8079853
12, ps, 101255568892211.09, 34.92, 0.00, 8227413
12, ps, 101292174235994.71, 35.53, 0.00, 8362212
12, ps, 101279706243168.30, 36.14, 0.00, 8498923
12, ps, 101263776431336.21, 36.75, 0.00, 8645710
12, ps, 101256629848550.77, 37.36, 0.00, 8768411
12, ps, 101257483779149.96, 37.97, 0.00, 8893616
12, ps, 101288584583691.44, 38.58, 0.00, 9032517
12, ps, 101314657645787.51, 39.19, 0.00, 9162892
12, ps, 101336136652023.65, 39.80, 0.00, 9288112
12, ps, 101331672527090.58, 40.41, 0.00, 9419704
12, ps, 101347772004238.28, 41.02, 0.00, 9543537
12, ps, 101340398134859.50, 41.63, 0.00, 9659002
12, ps, 101350024134960.47, 42.24, 0.00, 9793132
12, ps, 101360166136163.35, 42.85, 0.00, 9926322
12, ps, 101331603401303.56, 43.46, 0.00, 10057008
12, ps, 101309535729007.40, 44.07, 0.00, 10179785
12, ps, 101307326949299.35, 44.68, 0.00, 10302739
12, ps, 101311517184457.17, 45.29, 0.00, 10421042
12, ps, 101313138067392.23, 45.90, 0.00, 10527339
12, ps, 101331879741063.80, 46.51, 0.00, 10639560
12, ps, 101322111536134.66, 47.12, 0.00, 10741404
12, ps, 101326703726704.80, 47.73, 0.00, 10835717
12, ps, 101326685706584.81, 48.34, 0.00, 10937667
12, ps, 101318212099068.12, 48.95, 0.00, 11032111
12, ps, 101335416134896.05, 49.56, 0.00, 11130719
12, ps, 101326009474869.32, 50.17, 0.00, 11236564
12, ps, 101318334584307.85, 50.78, 0.00, 11365446
12, ps, 101316877319014.25, 51.39, 0.00, 11490869
12, ps, 101325740709598.76, 52.00, 0.00, 11623089
12, ps, 101335192542199.17, 52.61, 0.00, 11761249
12, ps, 101338276058655.17, 53.22, 0.00, 11905064
12, ps, 101331680683588.23, 53.83, 0.00, 12049571
12, ps, 101319637045495.04, 54.44, 0.00, 12193384
12, ps, 101329018592695.31, 55.05, 0.00, 12339466
12, ps, 101328673049475.69, 55.66, 0.00, 12474836
12, ps, 101325917618957.19, 56.27, 0.00, 12620320
12, ps, 101332342962501.52, 56.88, 0.00, 12751818
12, ps, 101359170471397.03, 57.49, 0.00, 12897536
12, ps, 101355525916440.68, 58.10, 0.00, 13038656
12, ps, 101359319213666.91, 58.71, 0.00, 13179197
12, ps, 101324037836803.85, 59.32, 0.00, 13339215
12, ps, 101325368651090.39, 59.93, 0.00, 13480062
13, ps, 99727046876758.58, 0.01, 0.00, 2982
13, ps, 100826791021174.59, 0.62, 0.00, 136852
13, ps, 100813081179328.50, 1.23, 0.00, 276673
13, ps, 101177737214583.73, 1.84, 0.00, 410286
13, ps, 101132560358589.65, 2.45, 0.00, 556992
13, ps, 101429477376556.31, 3.06, 0.00, 716187
13, ps, 101217873790727.48, 3.67, 0.00, 851502
13, ps, 101145249310698.03, 4.27, 0.00, 982113
13, ps, 101200102661101.74, 4.87, 0.00, 1122507
13, ps, 101203860048203.61, 5.47, 0.00, 1275555
13, ps, 101122479540201.74, 6.07, 0.00, 1419745
13, ps, 100902524525838.83, 6.67, 0.00, 1560222
13, ps, 100985320000913.57, 7.27, 0.00, 1710250
13, ps, 101093214181532.18, 7.87, 0.00, 1844140
13, ps, 100972615979910.76, 8.47, 0.00, 1979600
13, ps, 101041431237300.95, 9.07, 0.00, 2128536
13, ps, 101066393032858.24, 9.67, 0.00, 2248634
13, ps, 101137832678603.41, 10.27, 0.00, 2379905
13, ps, 101253202785943.89, 10.87, 0.00, 2517361
13, ps, 101243473874334.74, 11.47, 0.00, 2662109
13, ps, 101272233786947.34, 12.07, 0.00, 2803404
13, ps, 101284459392648.85, 12.67, 0.00, 2951296
13, ps, 101279672574074.23, 13.27, 0.00, 3089549
13, ps, 101244889774257.72, 13.87, 0.00, 3218626
13, ps, 101163599474384.17, 14.47, 0.00, 3361919
13, ps, 101144050846719.95, 15.07, 0.00, 3502058
13, ps, 101144760610589.06, 15.67, 0.00, 3635515
13, ps, 101154316627631.57, 16.27, 0.00, 3759947
13, ps, 101158532827520.64, 16.87, 0.00, 3900504
13, ps, 101177277947688.26, 17.47, 0.00, 4019786
13, ps, 101172959788013.05, 18.07, 0.00, 4151797
13, ps, 101171135118055.97, 18.67, 0.00, 4296860
13, ps, 101210140263339.64, 19.27, 0.00, 4452232
13, ps, 101181503908719.92, 19.87, 0.00, 4594841
13, ps, 101226120994378.01, 20.47, 0.00, 4733814
13, ps, 101215118127293.94, 21.07, 0.00, 4893584
13, ps, 101176790259561.02, 21.67, 0.00, 5026028
13, ps, 101184665122200.96, 22.27, 0.00, 5176682
13, ps, 101155057777240.80, 22.87, 0.00, 5331505
13, ps, 101186055397382.29, 23.47, 0.00, 5473973
13, ps, 101154340871130.16, 24.07, 0.00, 5626942
13, ps, 101160802438731.09, 24.67, 0.00, 5764660
13, ps, 101140348682089.31, 25.27, 0.00, 5906655
13, ps, 101111676133308.79, 25.87, 0.00, 6040123
13, ps, 101139644933718.48, 26.47, 0.00, 6178417
13, ps, 101138864632320.06, 27.07, 0.00, 6318863
13, ps, 101139833671047.11, 27.67, 0.00, 6461310
13, ps, 101147124153950.99, 28.27, 0.00, 6597804
13, ps, 101141590459897.19, 28.87, 0.00, 6735042
13, ps, 101155116361298.80, 29.47, 0.00, 6874914
13, ps, 101140549732279.59, 30.07, 0.00, 7004611
13, ps, 101129453704066.36, 30.67, 0.00, 7131214
13, ps, 101140992496266.33, 31.27, 0.00, 7262967
13, ps, 101135187168853.09, 31.87, 0.00, 7393649
13, ps, 101112170414481.70, 32.48, 0.00, 7528586
13, ps, 101075939222482.02, 33.09, 0.00, 7669117
13, ps, 101050272475811.14, 33.70, 0.00, 7798641
13, ps, 101048426134547.33, 34.31, 0.00, 7922155
13, ps, 101086460057895.63, 34.92, 0.00, 8053166
13, ps, 101051009286830.69, 35.53, 0.00, 8190048
13, ps, 101040719400433.36, 36.14, 0.00, 8314588
13, ps, 101018546697519.35, 36.75, 0.00, 8446088
13, ps, 101042286934497.91, 37.36, 0.00, 8569866
13, ps, 101012379611443.97, 37.97, 0.00, 8699666
13, ps, 101045696386066.53, 38.58, 0.00, 8826203
13, ps, 101042785964728.63, 39.19, 0.00, 8946748
13, ps, 101050805478249.61, 39.80, 0.00, 9087660
13, ps, 101015300477082.23, 40.41, 0.00, 9202129
13, ps, 101016516311328.05, 41.02, 0.00, 9316326
13, ps, 101016280286346.16, 41.63, 0.00, 9431902
13, ps, 101003754460963.04, 42.24, 0.00, 9557997
13, ps, 100985991671629.90, 42.85, 0.00, 9680958
13, ps, 100981792751970.27, 43.46, 0.00, 9805229
13, ps, 100974144977314.63, 44.07, 0.00, 9919966
13, ps, 100955177150403.97, 44.68, 0.00, 10022888
13, ps, 100962888538571.46, 45.29, 0.00, 10126516
13, ps, 100953218947458.16, 45.90, 0.00, 10227769
13, ps, 100944396130553.47, 46.51, 0.00, 10323876
13, ps, 100936756576070.69, 47.12, 0.00, 10430054
13, ps, 100927224795394.28, 47.73, 0.00, 10546876
13, ps, 100938199704648.83, 48.34, 0.00, 10682864
13, ps, 100928556843612.43, 48.95, 0.00, 10818791
13, ps, 100928259394835.62, 49.56, 0.00, 10962533
13, ps, 100946257606193.93, 50.17, 0.00, 11107968
13, ps, 100963996775159.40, 50.78, 0.00, 11241815
13, ps, 100960710925113.52, 51.39, 0.00, 11381056
13, ps, 100969091519274.35, 52.00, 0.00, 11534081
13, ps, 100969219152254.10, 52.61, 0.00, 11670888
13, ps, 100958000113450.92, 53.22, 0.00, 11821997
13, ps, 100949322631256.33, 53.83, 0.00, 11959428
13, ps, 100941223147438.46, 54.44, 0.00, 12104983
13, ps, 100930358503287.85, 55.05, 0.00, 12250427
13, ps, 100933645122686.27, 55.66, 0.00, 12392646
13, ps, 100915622620880.90, 56.27, 0.00, 12539889
13, ps, 100933390274420.95, 56.88, 0.00, 12683680
13, ps, 100937767768612.64, 57.49, 0.00, 12822850
13, ps, 100946863023559.36, 58.10, 0.00, 12977614
13, ps, 100943052351172.07, 58.71, 0.00, 13116190
13, ps, 100956225945613.05, 59.32, 0.00, 13257444
13, ps, 100953465166792.33, 59.93, 0.00, 13395029
