exp_rep, bfly, algo, time, preprocess_time, iterations
1, pcs, 2087801173126.49, 0.01, 302.02, 487
1, pcs, 2029515356784.36, 0.62, 302.02, 69703
1, pcs, 2031569045034.12, 1.23, 302.02, 169768
1, pcs, 2022740995844.66, 1.84, 302.02, 289303
1, pcs, 2024018492289.70, 2.45, 302.02, 404485
1, pcs, 2025889706258.53, 3.06, 302.02, 524801
1, pcs, 2027604271206.95, 3.67, 302.02, 642355
1, pcs, 2029280839799.84, 4.27, 302.02, 776203
1, pcs, 2028520423120.06, 4.87, 302.02, 904318
1, pcs, 2029392531134.27, 5.47, 302.02, 1028933
1, pcs, 2030271617060.81, 6.07, 302.02, 1152297
1, pcs, 2030713729445.93, 6.67, 302.02, 1292671
1, pcs, 2030456364548.54, 7.27, 302.02, 1420481
1, pcs, 2029882522991.07, 7.87, 302.02, 1550486
1, pcs, 2030826017482.61, 8.47, 302.02, 1687583
1, pcs, 2031899052774.49, 9.07, 302.02, 1824624
1, pcs, 2031956904325.26, 9.67, 302.02, 1953128
1, pcs, 2032336815171.94, 10.27, 302.02, 2084968
1, pcs, 2032837789096.49, 10.87, 302.02, 2210832
1, pcs, 2032780021269.88, 11.47, 302.02, 2342051
1, pcs, 2033723865740.81, 12.07, 302.02, 2475411
1, pcs, 2034498439474.72, 12.67, 302.02, 2610334
1, pcs, 2034292134933.16, 13.27, 302.02, 2742999
1, pcs, 2033697134474.61, 13.87, 302.02, 2891305
1, pcs, 2033611914017.68, 14.47, 302.02, 3020213
1, pcs, 2033733242728.32, 15.07, 302.02, 3166741
1, pcs, 2033801429976.83, 15.67, 302.02, 3296028
1, pcs, 2033989962596.45, 16.27, 302.02, 3426725
1, pcs, 2033840025287.86, 16.87, 302.02, 3559506
1, pcs, 2033878527333.32, 17.47, 302.02, 3696342
1, pcs, 2034172892106.31, 18.07, 302.02, 3835522
1, pcs, 2034728873057.19, 18.67, 302.02, 3980466
1, pcs, 2034913986075.33, 19.27, 302.02, 4120261
1, pcs, 2034974666333.54, 19.87, 302.02, 4266507
1, pcs, 2034622599234.65, 20.47, 302.02, 4418114
1, pcs, 2034706685820.00, 21.07, 302.02, 4554641
1, pcs, 2034736562539.78, 21.67, 302.02, 4692097
1, pcs, 2034926384772.83, 22.27, 302.02, 4826155
1, pcs, 2034630148083.45, 22.87, 302.02, 4960745
1, pcs, 2034394225577.80, 23.47, 302.02, 5094434
1, pcs, 2034685725179.76, 24.07, 302.02, 5235192
1, pcs, 2034540521585.01, 24.67, 302.02, 5399115
1, pcs, 2034448645189.03, 25.27, 302.02, 5549573
1, pcs, 2034241274971.17, 25.87, 302.02, 5696294
1, pcs, 2034484629140.13, 26.47, 302.02, 5840672
1, pcs, 2034804965765.30, 27.07, 302.02, 5982764
1, pcs, 2035116123950.97, 27.67, 302.02, 6116763
1, pcs, 2035110015152.36, 28.27, 302.02, 6253878
1, pcs, 2035154267012.58, 28.87, 302.02, 6383792
1, pcs, 2035148615753.11, 29.47, 302.02, 6525765
1, pcs, 2034996497866.22, 30.07, 302.02, 6660047
1, pcs, 2034921672677.66, 30.67, 302.02, 6797227
1, pcs, 2035058933116.86, 31.27, 302.02, 6948167
1, pcs, 2035454919361.31, 31.87, 302.02, 7091513
1, pcs, 2035602822470.91, 32.48, 302.02, 7250456
1, pcs, 2035640157277.59, 33.09, 302.02, 7386385
1, pcs, 2035373015267.79, 33.70, 302.02, 7517844
1, pcs, 2035209474785.24, 34.31, 302.02, 7659985
1, pcs, 2035165863672.25, 34.92, 302.02, 7766346
1, pcs, 2035155425966.39, 35.53, 302.02, 7881599
1, pcs, 2035041370811.40, 36.14, 302.02, 8009751
1, pcs, 2034975582740.21, 36.75, 302.02, 8167693
1, pcs, 2034988221522.10, 37.36, 302.02, 8312955
1, pcs, 2034953093381.03, 37.97, 302.02, 8461622
1, pcs, 2035032386424.11, 38.58, 302.02, 8613715
1, pcs, 2035190763194.66, 39.19, 302.02, 8746928
1, pcs, 2035084433635.05, 39.80, 302.02, 8886541
1, pcs, 2035256409801.96, 40.41, 302.02, 9030709
1, pcs, 2035220984804.22, 41.02, 302.02, 9169602
1, pcs, 2035256116494.57, 41.63, 302.02, 9312154
1, pcs, 2035348114139.61, 42.24, 302.02, 9461194
1, pcs, 2035385190286.11, 42.85, 302.02, 9599789
1, pcs, 2035609225738.97, 43.46, 302.02, 9745197
1, pcs, 2035644580352.72, 44.07, 302.02, 9878178
1, pcs, 2035902995447.22, 44.68, 302.02, 10018449
1, pcs, 2035828814162.90, 45.29, 302.02, 10155951
1, pcs, 2035703596506.41, 45.90, 302.02, 10300730
1, pcs, 2035646373861.00, 46.51, 302.02, 10441721
1, pcs, 2035548497549.32, 47.12, 302.02, 10597660
1, pcs, 2035620810223.08, 47.73, 302.02, 10724757
1, pcs, 2035621078693.56, 48.34, 302.02, 10866185
1, pcs, 2035560798789.38, 48.95, 302.02, 11017444
1, pcs, 2035547379454.10, 49.56, 302.02, 11153897
1, pcs, 2035510827072.33, 50.17, 302.02, 11290674
1, pcs, 2035416363319.98, 50.78, 302.02, 11419427
1, pcs, 2035430933181.01, 51.39, 302.02, 11557140
1, pcs, 2035394435123.88, 52.00, 302.02, 11704077
1, pcs, 2035438932578.50, 52.61, 302.02, 11838513
1, pcs, 2035626656624.80, 53.22, 302.02, 11972173
1, pcs, 2035577951259.52, 53.83, 302.02, 12105085
1, pcs, 2035637440378.03, 54.44, 302.02, 12238250
1, pcs, 2035576805523.28, 55.05, 302.02, 12385180
1, pcs, 2035578630603.82, 55.66, 302.02, 12528987
1, pcs, 2035516104968.92, 56.27, 302.02, 12675268
1, pcs, 2035643070065.17, 56.88, 302.02, 12805505
1, pcs, 2035657808589.29, 57.49, 302.02, 12962313
1, pcs, 2035639725306.26, 58.10, 302.02, 13095536
1, pcs, 2035715763489.74, 58.71, 302.02, 13232336
1, pcs, 2035622166133.04, 59.32, 302.02, 13363533
1, pcs, 2035611521828.18, 59.93, 302.02, 13497935
2, pcs, 2022702989078.68, 0.01, 0.00, 3231
2, pcs, 2032919671580.44, 0.62, 0.00, 148830
2, pcs, 2033721909508.68, 1.23, 0.00, 295477
2, pcs, 2028668611402.42, 1.84, 0.00, 430108
2, pcs, 2029355200591.41, 2.45, 0.00, 564567
2, pcs, 2032856387074.38, 3.06, 0.00, 704940
2, pcs, 2033422694055.94, 3.67, 0.00, 848734
2, pcs, 2033927224937.59, 4.27, 0.00, 979359
2, pcs, 2033825949752.83, 4.87, 0.00, 1123830
2, pcs, 2031586131457.21, 5.47, 0.00, 1276183
2, pcs, 2031842916559.22, 6.07, 0.00, 1426231
2, pcs, 2032401031321.99, 6.67, 0.00, 1582116
2, pcs, 2033119308241.05, 7.27, 0.00, 1709875
2, pcs, 2034296159842.81, 7.87, 0.00, 1861584
2, pcs, 2033410038282.00, 8.47, 0.00, 2004087
2, pcs, 2034323923614.38, 9.07, 0.00, 2145844
2, pcs, 2034901444812.43, 9.67, 0.00, 2279946
2, pcs, 2035122560143.69, 10.27, 0.00, 2414559
2, pcs, 2034898252210.02, 10.87, 0.00, 2547804
2, pcs, 2035176427740.50, 11.47, 0.00, 2690875
2, pcs, 2033955787068.38, 12.07, 0.00, 2835788
2, pcs, 2033793114526.05, 12.67, 0.00, 2981334
2, pcs, 2033730598949.95, 13.27, 0.00, 3130045
2, pcs, 2033831019205.03, 13.87, 0.00, 3285679
2, pcs, 2033993385879.69, 14.47, 0.00, 3423322
2, pcs, 2033986699209.35, 15.07, 0.00, 3583941
2, pcs, 2034245010063.62, 15.67, 0.00, 3724840
2, pcs, 2034600323898.87, 16.27, 0.00, 3875701
2, pcs, 2034973684730.66, 16.87, 0.00, 4020044
2, pcs, 2035673621330.97, 17.47, 0.00, 4163965
2, pcs, 2036142673791.34, 18.07, 0.00, 4317806
2, pcs, 2036014736751.55, 18.67, 0.00, 4465840
2, pcs, 2036030459577.73, 19.27, 0.00, 4601618
2, pcs, 2036480710817.67, 19.87, 0.00, 4741655
2, pcs, 2036556702198.70, 20.47, 0.00, 4883079
2, pcs, 2036193001099.24, 21.07, 0.00, 5034766
2, pcs, 2036100595037.40, 21.67, 0.00, 5157303
2, pcs, 2036315689202.97, 22.27, 0.00, 5277050
2, pcs, 2036161012352.95, 22.87, 0.00, 5397190
2, pcs, 2036268658257.96, 23.47, 0.00, 5525126
2, pcs, 2036130461277.65, 24.07, 0.00, 5664096
2, pcs, 2036278369835.23, 24.67, 0.00, 5802644
2, pcs, 2036228671439.62, 25.27, 0.00, 5941801
2, pcs, 2036127410656.84, 25.87, 0.00, 6089874
2, pcs, 2035960453340.88, 26.47, 0.00, 6245999
2, pcs, 2036222736664.33, 27.07, 0.00, 6379345
2, pcs, 2036173611388.77, 27.67, 0.00, 6515246
2, pcs, 2036214528796.25, 28.27, 0.00, 6651707
2, pcs, 2036198147996.64, 28.87, 0.00, 6785663
2, pcs, 2035875969031.11, 29.47, 0.00, 6926348
2, pcs, 2036004316553.97, 30.07, 0.00, 7078534
2, pcs, 2035675425441.67, 30.67, 0.00, 7219549
2, pcs, 2035819072440.86, 31.27, 0.00, 7352070
2, pcs, 2036164781543.15, 31.87, 0.00, 7489191
2, pcs, 2036300765998.30, 32.48, 0.00, 7629784
2, pcs, 2036196201168.07, 33.09, 0.00, 7768221
2, pcs, 2036213027375.50, 33.70, 0.00, 7893540
2, pcs, 2036320114050.17, 34.31, 0.00, 8015095
2, pcs, 2036360115995.85, 34.92, 0.00, 8156020
2, pcs, 2036466328838.55, 35.53, 0.00, 8281202
2, pcs, 2036719645528.70, 36.14, 0.00, 8421558
2, pcs, 2036573459241.53, 36.75, 0.00, 8569300
2, pcs, 2036486071031.48, 37.36, 0.00, 8718040
2, pcs, 2036668466923.97, 37.97, 0.00, 8850671
2, pcs, 2036695246738.92, 38.58, 0.00, 8994353
2, pcs, 2036704310233.43, 39.19, 0.00, 9130652
2, pcs, 2036733043333.73, 39.80, 0.00, 9276700
2, pcs, 2036859740124.70, 40.41, 0.00, 9412780
2, pcs, 2036784031173.88, 41.02, 0.00, 9562469
2, pcs, 2036775493654.56, 41.63, 0.00, 9716161
2, pcs, 2036904078564.87, 42.24, 0.00, 9858484
2, pcs, 2036911149348.59, 42.85, 0.00, 10006154
2, pcs, 2037006421230.18, 43.46, 0.00, 10148937
2, pcs, 2037065869938.08, 44.07, 0.00, 10280076
2, pcs, 2037040669502.63, 44.68, 0.00, 10416963
2, pcs, 2036934284487.23, 45.29, 0.00, 10560727
2, pcs, 2036926253703.75, 45.90, 0.00, 10715020
2, pcs, 2036847633433.54, 46.51, 0.00, 10852676
2, pcs, 2036908668434.54, 47.12, 0.00, 10979123
2, pcs, 2036877893641.37, 47.73, 0.00, 11106329
2, pcs, 2036749251986.16, 48.34, 0.00, 11244805
2, pcs, 2036934437313.36, 48.95, 0.00, 11389505
2, pcs, 2036949955370.81, 49.56, 0.00, 11545405
2, pcs, 2037051511644.30, 50.17, 0.00, 11685575
2, pcs, 2037054264816.42, 50.78, 0.00, 11835023
2, pcs, 2037031707248.84, 51.39, 0.00, 11985979
2, pcs, 2036976764304.76, 52.00, 0.00, 12134340
2, pcs, 2037090080461.42, 52.61, 0.00, 12274536
2, pcs, 2037115557762.39, 53.22, 0.00, 12426472
2, pcs, 2037016837528.49, 53.83, 0.00, 12563724
2, pcs, 2036901082967.88, 54.44, 0.00, 12713115
2, pcs, 2036991810036.21, 55.05, 0.00, 12863022
2, pcs, 2036981853492.12, 55.66, 0.00, 13001773
2, pcs, 2037075254124.72, 56.27, 0.00, 13160290
2, pcs, 2037042246917.38, 56.88, 0.00, 13305456
2, pcs, 2037069261002.80, 57.49, 0.00, 13440898
2, pcs, 2037052087503.84, 58.10, 0.00, 13589963
2, pcs, 2037037434870.09, 58.71, 0.00, 13727691
2, pcs, 2037117757537.52, 59.32, 0.00, 13865185
2, pcs, 2037238441149.79, 59.93, 0.00, 14009946
3, pcs, 2125639902033.84, 0.01, 0.00, 2549
3, pcs, 2045405972976.62, 0.62, 0.00, 146924
3, pcs, 2039890665140.94, 1.23, 0.00, 297115
3, pcs, 2044313615206.40, 1.84, 0.00, 439931
3, pcs, 2039872479516.29, 2.45, 0.00, 591425
3, pcs, 2037755509279.36, 3.06, 0.00, 725380
3, pcs, 2038953769359.52, 3.67, 0.00, 860227
3, pcs, 2037719709140.38, 4.27, 0.00, 1005449
3, pcs, 2037676969469.38, 4.87, 0.00, 1140989
3, pcs, 2037461006232.84, 5.47, 0.00, 1279795
3, pcs, 2036951652320.80, 6.07, 0.00, 1412349
3, pcs, 2035347082184.80, 6.67, 0.00, 1555394
3, pcs, 2035237846442.70, 7.27, 0.00, 1696125
3, pcs, 2035150989236.68, 7.87, 0.00, 1836279
3, pcs, 2035080566619.55, 8.47, 0.00, 1952454
3, pcs, 2036084400222.21, 9.07, 0.00, 2061793
3, pcs, 2035582967458.42, 9.67, 0.00, 2194121
3, pcs, 2035406526178.96, 10.27, 0.00, 2327362
3, pcs, 2034858323004.17, 10.87, 0.00, 2463860
3, pcs, 2035382542118.44, 11.47, 0.00, 2594043
3, pcs, 2035797691899.29, 12.07, 0.00, 2752842
3, pcs, 2035655416714.61, 12.67, 0.00, 2922064
3, pcs, 2035821510267.78, 13.27, 0.00, 3067621
3, pcs, 2035855127730.18, 13.87, 0.00, 3223480
3, pcs, 2036244905212.94, 14.47, 0.00, 3355767
3, pcs, 2036454978888.31, 15.07, 0.00, 3488840
3, pcs, 2036449706984.91, 15.67, 0.00, 3635171
3, pcs, 2035921482668.45, 16.27, 0.00, 3769519
3, pcs, 2036221760804.42, 16.87, 0.00, 3905456
3, pcs, 2036244580305.79, 17.47, 0.00, 4033980
3, pcs, 2036184887083.37, 18.07, 0.00, 4178570
3, pcs, 2035913596089.47, 18.67, 0.00, 4309079
3, pcs, 2035841688519.36, 19.27, 0.00, 4448710
3, pcs, 2035832693589.37, 19.87, 0.00, 4576341
3, pcs, 2035574786822.62, 20.47, 0.00, 4714949
3, pcs, 2035734643403.57, 21.07, 0.00, 4856066
3, pcs, 2036195657640.45, 21.67, 0.00, 5000768
3, pcs, 2036211161161.70, 22.27, 0.00, 5130581
3, pcs, 2036353710218.20, 22.87, 0.00, 5284556
3, pcs, 2036216452444.71, 23.47, 0.00, 5418462
3, pcs, 2035897404109.21, 24.07, 0.00, 5552251
3, pcs, 2035729554573.63, 24.67, 0.00, 5699927
3, pcs, 2036249122354.42, 25.27, 0.00, 5827500
3, pcs, 2036103891760.67, 25.87, 0.00, 5958953
3, pcs, 2036183984949.99, 26.47, 0.00, 6087622
3, pcs, 2036138264568.63, 27.07, 0.00, 6214569
3, pcs, 2036084569815.17, 27.67, 0.00, 6358259
3, pcs, 2036005743552.32, 28.27, 0.00, 6489102
3, pcs, 2035877432830.46, 28.87, 0.00, 6631468
3, pcs, 2035805706804.14, 29.47, 0.00, 6768620
3, pcs, 2035954719199.13, 30.07, 0.00, 6911857
3, pcs, 2036016993799.30, 30.67, 0.00, 7062388
3, pcs, 2035961321790.94, 31.27, 0.00, 7194656
3, pcs, 2035851528368.51, 31.87, 0.00, 7331542
3, pcs, 2036111517315.71, 32.48, 0.00, 7478920
3, pcs, 2035828660750.33, 33.09, 0.00, 7607758
3, pcs, 2036114668760.40, 33.70, 0.00, 7762543
3, pcs, 2036131222622.57, 34.31, 0.00, 7891771
3, pcs, 2036065188068.88, 34.92, 0.00, 8028941
3, pcs, 2036041021517.11, 35.53, 0.00, 8177556
3, pcs, 2036011934224.71, 36.14, 0.00, 8313227
3, pcs, 2035971248761.09, 36.75, 0.00, 8453668
3, pcs, 2035925691069.50, 37.36, 0.00, 8591464
3, pcs, 2035793684843.20, 37.97, 0.00, 8741285
3, pcs, 2035908154579.88, 38.58, 0.00, 8877268
3, pcs, 2035990838656.27, 39.19, 0.00, 9021278
3, pcs, 2036006931652.58, 39.80, 0.00, 9162859
3, pcs, 2036163871347.75, 40.41, 0.00, 9308400
3, pcs, 2036058033742.56, 41.02, 0.00, 9444136
3, pcs, 2036043653780.84, 41.63, 0.00, 9597808
3, pcs, 2036056747626.37, 42.24, 0.00, 9741892
3, pcs, 2036056154958.40, 42.85, 0.00, 9891836
3, pcs, 2036120843083.63, 43.46, 0.00, 10030850
3, pcs, 2036424059951.94, 44.07, 0.00, 10165008
3, pcs, 2036306990994.19, 44.68, 0.00, 10312759
3, pcs, 2036298211570.14, 45.29, 0.00, 10464412
3, pcs, 2036213690147.59, 45.90, 0.00, 10613613
3, pcs, 2036204794070.54, 46.51, 0.00, 10757223
3, pcs, 2036085276092.11, 47.12, 0.00, 10906913
3, pcs, 2036160158250.80, 47.73, 0.00, 11060818
3, pcs, 2036108783593.66, 48.34, 0.00, 11210604
3, pcs, 2036006523296.68, 48.95, 0.00, 11356026
3, pcs, 2035974881259.73, 49.56, 0.00, 11511689
3, pcs, 2036031015470.75, 50.17, 0.00, 11640104
3, pcs, 2036036283227.52, 50.78, 0.00, 11784819
3, pcs, 2036120929305.86, 51.39, 0.00, 11934594
3, pcs, 2036193615686.66, 52.00, 0.00, 12077486
3, pcs, 2036122152463.90, 52.61, 0.00, 12217744
3, pcs, 2036077052495.16, 53.22, 0.00, 12365165
3, pcs, 2036155825193.69, 53.83, 0.00, 12499814
3, pcs, 2036192391194.43, 54.44, 0.00, 12639156
3, pcs, 2036310092101.92, 55.05, 0.00, 12749178
3, pcs, 2036300843004.86, 55.66, 0.00, 12875159
3, pcs, 2036465802838.88, 56.27, 0.00, 12995230
3, pcs, 2036475731132.85, 56.88, 0.00, 13140659
3, pcs, 2036528469861.26, 57.49, 0.00, 13291782
3, pcs, 2036418058803.26, 58.10, 0.00, 13444053
3, pcs, 2036442630111.69, 58.71, 0.00, 13593544
3, pcs, 2036455524753.02, 59.32, 0.00, 13750422
3, pcs, 2036466741907.17, 59.93, 0.00, 13887795
4, pcs, 2048037352037.80, 0.01, 0.00, 2123
4, pcs, 2036737820027.33, 0.62, 0.00, 139424
4, pcs, 2038036662176.39, 1.23, 0.00, 275224
4, pcs, 2038044384827.09, 1.84, 0.00, 412841
4, pcs, 2038469703322.13, 2.45, 0.00, 573541
4, pcs, 2037891884689.91, 3.06, 0.00, 727918
4, pcs, 2036713598105.63, 3.67, 0.00, 873936
4, pcs, 2036333943122.69, 4.27, 0.00, 1012437
4, pcs, 2036949141599.86, 4.87, 0.00, 1143459
4, pcs, 2036541362208.49, 5.47, 0.00, 1272618
4, pcs, 2037710420650.86, 6.07, 0.00, 1397737
4, pcs, 2036235115766.58, 6.67, 0.00, 1547022
4, pcs, 2034963619860.26, 7.27, 0.00, 1677229
4, pcs, 2035361782099.59, 7.87, 0.00, 1803122
4, pcs, 2034807896869.47, 8.47, 0.00, 1945582
4, pcs, 2035520832713.54, 9.07, 0.00, 2072331
4, pcs, 2034975936450.86, 9.67, 0.00, 2208989
4, pcs, 2036019272847.01, 10.27, 0.00, 2341699
4, pcs, 2036686949145.30, 10.87, 0.00, 2465750
4, pcs, 2036649368470.05, 11.47, 0.00, 2599757
4, pcs, 2036448693385.88, 12.07, 0.00, 2733124
4, pcs, 2036383533661.28, 12.67, 0.00, 2874266
4, pcs, 2036160816374.54, 13.27, 0.00, 3009714
4, pcs, 2035872661096.62, 13.87, 0.00, 3135807
4, pcs, 2036307576020.42, 14.47, 0.00, 3275839
4, pcs, 2036893923518.13, 15.07, 0.00, 3430181
4, pcs, 2036722639696.93, 15.67, 0.00, 3584664
4, pcs, 2036837413776.72, 16.27, 0.00, 3721045
4, pcs, 2037228431119.05, 16.87, 0.00, 3866564
4, pcs, 2037191893376.07, 17.47, 0.00, 3996504
4, pcs, 2036887487540.84, 18.07, 0.00, 4144643
4, pcs, 2037038527961.70, 18.67, 0.00, 4277339
4, pcs, 2036190664650.90, 19.27, 0.00, 4412481
4, pcs, 2035966328080.89, 19.87, 0.00, 4555332
4, pcs, 2035657504470.08, 20.47, 0.00, 4697887
4, pcs, 2035752763145.02, 21.07, 0.00, 4832565
4, pcs, 2035815637234.60, 21.67, 0.00, 4978320
4, pcs, 2035430221706.88, 22.27, 0.00, 5119049
4, pcs, 2035160352877.92, 22.87, 0.00, 5251148
4, pcs, 2035021585949.90, 23.47, 0.00, 5387307
4, pcs, 2034778315502.87, 24.07, 0.00, 5524383
4, pcs, 2034794103978.90, 24.67, 0.00, 5664111
4, pcs, 2034646508131.00, 25.27, 0.00, 5812019
4, pcs, 2034754019111.95, 25.87, 0.00, 5956900
4, pcs, 2034731585780.20, 26.47, 0.00, 6110624
4, pcs, 2035040614344.18, 27.07, 0.00, 6248694
4, pcs, 2035019399379.18, 27.67, 0.00, 6389665
4, pcs, 2035036932302.56, 28.27, 0.00, 6539097
4, pcs, 2035055752395.05, 28.87, 0.00, 6676597
4, pcs, 2035362274202.49, 29.47, 0.00, 6806555
4, pcs, 2035350532357.30, 30.07, 0.00, 6933125
4, pcs, 2035523042661.60, 30.67, 0.00, 7074414
4, pcs, 2035435629929.26, 31.27, 0.00, 7205647
4, pcs, 2035449214783.38, 31.87, 0.00, 7355966
4, pcs, 2035163174055.27, 32.48, 0.00, 7495996
4, pcs, 2035059169915.24, 33.09, 0.00, 7646397
4, pcs, 2034976953194.83, 33.70, 0.00, 7780554
4, pcs, 2034968861059.48, 34.31, 0.00, 7924788
4, pcs, 2034937054506.50, 34.92, 0.00, 8084728
4, pcs, 2034875577112.78, 35.53, 0.00, 8236838
4, pcs, 2035014103697.36, 36.14, 0.00, 8375185
4, pcs, 2034950092985.84, 36.75, 0.00, 8519048
4, pcs, 2035036018888.70, 37.36, 0.00, 8649515
4, pcs, 2035246607822.40, 37.97, 0.00, 8784613
4, pcs, 2035095052661.43, 38.58, 0.00, 8953423
4, pcs, 2034995568471.23, 39.19, 0.00, 9087415
4, pcs, 2034930535298.36, 39.80, 0.00, 9225751
4, pcs, 2034807217196.81, 40.41, 0.00, 9388053
4, pcs, 2034845034608.95, 41.02, 0.00, 9520016
4, pcs, 2034911428840.67, 41.63, 0.00, 9653755
4, pcs, 2035029012961.43, 42.24, 0.00, 9764598
4, pcs, 2034954357196.46, 42.85, 0.00, 9893737
4, pcs, 2035141634453.59, 43.46, 0.00, 10023515
4, pcs, 2034947214736.37, 44.07, 0.00, 10165206
4, pcs, 2034879444799.84, 44.68, 0.00, 10316506
4, pcs, 2034911375230.29, 45.29, 0.00, 10474637
4, pcs, 2034992892591.69, 45.90, 0.00, 10614540
4, pcs, 2034997296233.56, 46.51, 0.00, 10769171
4, pcs, 2035208090129.85, 47.12, 0.00, 10908153
4, pcs, 2035165841927.04, 47.73, 0.00, 11056069
4, pcs, 2035228502626.13, 48.34, 0.00, 11196666
4, pcs, 2035319575305.14, 48.95, 0.00, 11322392
4, pcs, 2035384835139.69, 49.56, 0.00, 11454230
4, pcs, 2035629437349.91, 50.17, 0.00, 11597769
4, pcs, 2035826688978.37, 50.78, 0.00, 11738941
4, pcs, 2035899457882.75, 51.39, 0.00, 11876981
4, pcs, 2035699173594.60, 52.00, 0.00, 12012351
4, pcs, 2035787008179.16, 52.61, 0.00, 12141839
4, pcs, 2035688347245.54, 53.22, 0.00, 12292353
4, pcs, 2035700733030.89, 53.83, 0.00, 12426381
4, pcs, 2035505792315.30, 54.44, 0.00, 12556570
4, pcs, 2035509318596.89, 55.05, 0.00, 12693664
4, pcs, 2035598187378.95, 55.66, 0.00, 12822954
4, pcs, 2035661877989.07, 56.27, 0.00, 12951785
4, pcs, 2035716306935.50, 56.88, 0.00, 13091626
4, pcs, 2035621576855.49, 57.49, 0.00, 13230671
4, pcs, 2035577955573.90, 58.10, 0.00, 13373961
4, pcs, 2035681174599.75, 58.71, 0.00, 13516844
4, pcs, 2035527632501.54, 59.32, 0.00, 13648777
4, pcs, 2035415213755.26, 59.93, 0.00, 13780882
5, pcs, 1924643403766.78, 0.01, 0.00, 782
5, pcs, 2044201996281.23, 0.62, 0.00, 136909
5, pcs, 2041571599867.12, 1.23, 0.00, 285727
5, pcs, 2041654257624.37, 1.84, 0.00, 434007
5, pcs, 2040319975322.14, 2.45, 0.00, 575047
5, pcs, 2041984445953.36, 3.06, 0.00, 726161
5, pcs, 2038681136089.60, 3.67, 0.00, 871137
5, pcs, 2037572303662.60, 4.27, 0.00, 1011106
5, pcs, 2037189099302.76, 4.87, 0.00, 1151589
5, pcs, 2037063377696.15, 5.47, 0.00, 1273763
5, pcs, 2037970797795.12, 6.07, 0.00, 1413832
5, pcs, 2038990854313.80, 6.67, 0.00, 1542451
5, pcs, 2038901954471.67, 7.27, 0.00, 1682352
5, pcs, 2039146336964.53, 7.87, 0.00, 1830562
5, pcs, 2038754992766.93, 8.47, 0.00, 1976499
5, pcs, 2038470356007.94, 9.07, 0.00, 2107926
5, pcs, 2038132862698.04, 9.67, 0.00, 2248027
5, pcs, 2038352149631.19, 10.27, 0.00, 2390364
5, pcs, 2038874115330.83, 10.87, 0.00, 2521133
5, pcs, 2037784823340.14, 11.47, 0.00, 2650019
5, pcs, 2037988415591.12, 12.07, 0.00, 2785561
5, pcs, 2038079067658.07, 12.67, 0.00, 2936411
5, pcs, 2038128207062.53, 13.27, 0.00, 3087468
5, pcs, 2038635465164.51, 13.87, 0.00, 3255689
5, pcs, 2037883507924.93, 14.47, 0.00, 3396167
5, pcs, 2038242915636.22, 15.07, 0.00, 3545483
5, pcs, 2038235869870.55, 15.67, 0.00, 3701784
5, pcs, 2038030779577.39, 16.27, 0.00, 3836362
5, pcs, 2037642292961.05, 16.87, 0.00, 3989682
5, pcs, 2037795607423.42, 17.47, 0.00, 4134583
5, pcs, 2037364656323.28, 18.07, 0.00, 4273243
5, pcs, 2037322158120.75, 18.67, 0.00, 4412726
5, pcs, 2037335089433.58, 19.27, 0.00, 4567076
5, pcs, 2037322213967.46, 19.87, 0.00, 4714382
5, pcs, 2037500599917.56, 20.47, 0.00, 4844096
5, pcs, 2037899103725.22, 21.07, 0.00, 4991149
5, pcs, 2037770607552.36, 21.67, 0.00, 5132396
5, pcs, 2037447247588.19, 22.27, 0.00, 5284576
5, pcs, 2037307407698.74, 22.87, 0.00, 5424176
5, pcs, 2037160633406.13, 23.47, 0.00, 5568618
5, pcs, 2037163922931.96, 24.07, 0.00, 5711514
5, pcs, 2037135745875.99, 24.67, 0.00, 5855577
5, pcs, 2036815786106.64, 25.27, 0.00, 6001469
5, pcs, 2036767843827.71, 25.87, 0.00, 6157253
5, pcs, 2036496112069.14, 26.47, 0.00, 6294306
5, pcs, 2036498032071.44, 27.07, 0.00, 6431681
5, pcs, 2036439941476.33, 27.67, 0.00, 6569857
5, pcs, 2036412250855.66, 28.27, 0.00, 6703434
5, pcs, 2036523763054.76, 28.87, 0.00, 6828881
5, pcs, 2036629604385.81, 29.47, 0.00, 6940020
5, pcs, 2036819056220.10, 30.07, 0.00, 7064300
5, pcs, 2036763407190.23, 30.67, 0.00, 7187077
5, pcs, 2036902908613.59, 31.27, 0.00, 7323344
5, pcs, 2036873158227.29, 31.87, 0.00, 7478396
5, pcs, 2036385154447.89, 32.48, 0.00, 7626633
5, pcs, 2036300257722.17, 33.09, 0.00, 7782048
5, pcs, 2036839294269.86, 33.70, 0.00, 7935813
5, pcs, 2036798934321.96, 34.31, 0.00, 8101450
5, pcs, 2037059415994.36, 34.92, 0.00, 8246597
5, pcs, 2037065051921.59, 35.53, 0.00, 8372033
5, pcs, 2037053538458.36, 36.14, 0.00, 8503293
5, pcs, 2036868382381.87, 36.75, 0.00, 8636440
5, pcs, 2036968211730.29, 37.36, 0.00, 8769931
5, pcs, 2037087335718.96, 37.97, 0.00, 8904753
5, pcs, 2037181861923.80, 38.58, 0.00, 9046774
5, pcs, 2037146582823.31, 39.19, 0.00, 9191436
5, pcs, 2037483737275.28, 39.80, 0.00, 9330703
5, pcs, 2037414057105.01, 40.41, 0.00, 9463515
5, pcs, 2037343414239.02, 41.02, 0.00, 9615039
5, pcs, 2037607055590.35, 41.63, 0.00, 9747247
5, pcs, 2037364896501.58, 42.24, 0.00, 9899544
5, pcs, 2037195499461.33, 42.85, 0.00, 10039310
5, pcs, 2037227773048.02, 43.46, 0.00, 10174332
5, pcs, 2037097400227.52, 44.07, 0.00, 10310383
5, pcs, 2037265343602.11, 44.68, 0.00, 10441484
5, pcs, 2037227789010.71, 45.29, 0.00, 10579307
5, pcs, 2037116907438.62, 45.90, 0.00, 10712707
5, pcs, 2037165242309.13, 46.51, 0.00, 10846561
5, pcs, 2037010514651.53, 47.12, 0.00, 10970706
5, pcs, 2036986157912.30, 47.73, 0.00, 11109039
5, pcs, 2036986400398.38, 48.34, 0.00, 11240964
5, pcs, 2036839498038.42, 48.95, 0.00, 11376039
5, pcs, 2037035931077.66, 49.56, 0.00, 11514142
5, pcs, 2037074544902.21, 50.17, 0.00, 11665596
5, pcs, 2036991114001.52, 50.78, 0.00, 11807569
5, pcs, 2037071732391.37, 51.39, 0.00, 11953136
5, pcs, 2037007542497.55, 52.00, 0.00, 12092025
5, pcs, 2037069097877.30, 52.61, 0.00, 12239267
5, pcs, 2037026626766.79, 53.22, 0.00, 12375705
5, pcs, 2036997946263.77, 53.83, 0.00, 12514806
5, pcs, 2037054075926.67, 54.44, 0.00, 12661229
5, pcs, 2037150092091.46, 55.05, 0.00, 12794945
5, pcs, 2037042763564.59, 55.66, 0.00, 12942529
5, pcs, 2037053218716.11, 56.27, 0.00, 13101098
5, pcs, 2037068109553.51, 56.88, 0.00, 13245963
5, pcs, 2036943925703.97, 57.49, 0.00, 13394676
5, pcs, 2036882827947.83, 58.10, 0.00, 13537014
5, pcs, 2036810621872.98, 58.71, 0.00, 13663172
5, pcs, 2036884811819.79, 59.32, 0.00, 13814387
5, pcs, 2036972147580.25, 59.93, 0.00, 13959823
6, pcs, 2128265169537.01, 0.01, 0.00, 2571
6, pcs, 2024462694023.25, 0.62, 0.00, 138310
6, pcs, 2025930537390.13, 1.23, 0.00, 278295
6, pcs, 2026712203903.92, 1.84, 0.00, 421087
6, pcs, 2034800617474.07, 2.45, 0.00, 580052
6, pcs, 2035717432899.23, 3.06, 0.00, 722587
6, pcs, 2036552657726.20, 3.67, 0.00, 868845
6, pcs, 2036428211499.29, 4.27, 0.00, 1003380
6, pcs, 2037126456612.97, 4.87, 0.00, 1145924
6, pcs, 2035978895330.16, 5.47, 0.00, 1286105
6, pcs, 2035580024556.28, 6.07, 0.00, 1433333
6, pcs, 2036257506889.25, 6.67, 0.00, 1565986
6, pcs, 2035062998543.97, 7.27, 0.00, 1712229
6, pcs, 2035129912687.45, 7.87, 0.00, 1859431
6, pcs, 2035732342424.85, 8.47, 0.00, 2020974
6, pcs, 2035923859629.31, 9.07, 0.00, 2158105
6, pcs, 2036481200077.76, 9.67, 0.00, 2311402
6, pcs, 2036877898663.85, 10.27, 0.00, 2463243
6, pcs, 2036868003047.09, 10.87, 0.00, 2619271
6, pcs, 2036625975171.21, 11.47, 0.00, 2766266
6, pcs, 2035977924676.61, 12.07, 0.00, 2897364
6, pcs, 2035457136946.49, 12.67, 0.00, 3048669
6, pcs, 2035591094290.24, 13.27, 0.00, 3208105
6, pcs, 2034524863478.02, 13.87, 0.00, 3353452
6, pcs, 2034439661410.07, 14.47, 0.00, 3488916
6, pcs, 2034692057398.46, 15.07, 0.00, 3622304
6, pcs, 2034283426117.11, 15.67, 0.00, 3755758
6, pcs, 2034002364832.59, 16.27, 0.00, 3873259
6, pcs, 2034247391754.66, 16.87, 0.00, 3999086
6, pcs, 2034160695050.29, 17.47, 0.00, 4141866
6, pcs, 2034172738856.64, 18.07, 0.00, 4277436
6, pcs, 2034024651603.34, 18.67, 0.00, 4412921
6, pcs, 2033898739648.47, 19.27, 0.00, 4556151
6, pcs, 2034078513476.00, 19.87, 0.00, 4702892
6, pcs, 2034693605757.36, 20.47, 0.00, 4850210
6, pcs, 2034843750582.57, 21.07, 0.00, 4977417
6, pcs, 2035190592180.31, 21.67, 0.00, 5109374
6, pcs, 2035046107146.33, 22.27, 0.00, 5257790
6, pcs, 2035286462154.24, 22.87, 0.00, 5389107
6, pcs, 2035247926422.32, 23.47, 0.00, 5527897
6, pcs, 2035047539281.46, 24.07, 0.00, 5661463
6, pcs, 2035069638331.29, 24.67, 0.00, 5791687
6, pcs, 2035049450684.21, 25.27, 0.00, 5917436
6, pcs, 2035208441203.01, 25.87, 0.00, 6043934
6, pcs, 2035053939668.03, 26.47, 0.00, 6181158
6, pcs, 2035227023120.53, 27.07, 0.00, 6310842
6, pcs, 2035580071168.60, 27.67, 0.00, 6455524
6, pcs, 2035521627823.34, 28.27, 0.00, 6578516
6, pcs, 2035376468873.64, 28.87, 0.00, 6713576
6, pcs, 2035331078329.87, 29.47, 0.00, 6845549
6, pcs, 2035433409956.15, 30.07, 0.00, 6973183
6, pcs, 2035433289627.54, 30.67, 0.00, 7105355
6, pcs, 2035310971717.13, 31.27, 0.00, 7233150
6, pcs, 2035353399728.08, 31.87, 0.00, 7368147
6, pcs, 2035172919090.96, 32.48, 0.00, 7502560
6, pcs, 2035067382335.64, 33.09, 0.00, 7638885
6, pcs, 2035167665254.34, 33.70, 0.00, 7770257
6, pcs, 2035210865661.70, 34.31, 0.00, 7907011
6, pcs, 2035156189591.75, 34.92, 0.00, 8047400
6, pcs, 2035131003071.95, 35.53, 0.00, 8190406
6, pcs, 2035166908690.52, 36.14, 0.00, 8320429
6, pcs, 2035393982428.64, 36.75, 0.00, 8463769
6, pcs, 2035478122025.20, 37.36, 0.00, 8598999
6, pcs, 2035496594104.05, 37.97, 0.00, 8733517
6, pcs, 2035666902282.62, 38.58, 0.00, 8866106
6, pcs, 2035715997483.64, 39.19, 0.00, 9002856
6, pcs, 2035731267493.82, 39.80, 0.00, 9158011
6, pcs, 2035762240646.93, 40.41, 0.00, 9289069
6, pcs, 2035453877768.59, 41.02, 0.00, 9429676
6, pcs, 2035320874144.49, 41.63, 0.00, 9551001
6, pcs, 2035410949788.30, 42.24, 0.00, 9686396
6, pcs, 2035397832196.22, 42.85, 0.00, 9826947
6, pcs, 2035458675671.14, 43.46, 0.00, 9966832
6, pcs, 2035605099715.04, 44.07, 0.00, 10106126
6, pcs, 2035861080088.33, 44.68, 0.00, 10233375
6, pcs, 2035920009191.65, 45.29, 0.00, 10374977
6, pcs, 2035919803919.23, 45.90, 0.00, 10512352
6, pcs, 2035900032758.19, 46.51, 0.00, 10674327
6, pcs, 2035915358246.93, 47.12, 0.00, 10829465
6, pcs, 2035720155578.71, 47.73, 0.00, 10970329
6, pcs, 2035718093330.03, 48.34, 0.00, 11115167
6, pcs, 2035568245377.30, 48.95, 0.00, 11264477
6, pcs, 2035349945262.14, 49.56, 0.00, 11398950
6, pcs, 2035206485711.02, 50.17, 0.00, 11540722
6, pcs, 2035322481139.56, 50.78, 0.00, 11686464
6, pcs, 2035399429192.52, 51.39, 0.00, 11838516
6, pcs, 2035297870889.57, 52.00, 0.00, 11978866
6, pcs, 2035393617977.66, 52.61, 0.00, 12135825
6, pcs, 2035360881839.27, 53.22, 0.00, 12284205
6, pcs, 2035264390815.55, 53.83, 0.00, 12432690
6, pcs, 2035279858106.10, 54.44, 0.00, 12567104
6, pcs, 2035249961480.28, 55.05, 0.00, 12711360
6, pcs, 2035141848503.83, 55.66, 0.00, 12858093
6, pcs, 2035103140381.95, 56.27, 0.00, 13004191
6, pcs, 2034922414325.95, 56.88, 0.00, 13151449
6, pcs, 2034979441372.45, 57.49, 0.00, 13289458
6, pcs, 2035067099509.27, 58.10, 0.00, 13430577
6, pcs, 2035134234474.67, 58.71, 0.00, 13574299
6, pcs, 2035155995601.48, 59.32, 0.00, 13715139
6, pcs, 2035118460076.22, 59.93, 0.00, 13855203
7, pcs, 2148573986030.26, 0.01, 0.00, 2033
7, pcs, 2042585160055.24, 0.62, 0.00, 151024
7, pcs, 2037909954131.00, 1.23, 0.00, 295070
7, pcs, 2041517262681.85, 1.84, 0.00, 432850
7, pcs, 2041044749405.94, 2.45, 0.00, 585504
7, pcs, 2040092745709.39, 3.06, 0.00, 735625
7, pcs, 2037003535471.39, 3.67, 0.00, 867349
7, pcs, 2036346320234.11, 4.27, 0.00, 974096
7, pcs, 2036175709827.67, 4.87, 0.00, 1098479
7, pcs, 2037593941853.20, 5.47, 0.00, 1235898
7, pcs, 2037610628894.90, 6.07, 0.00, 1387622
7, pcs, 2036610564300.52, 6.67, 0.00, 1527608
7, pcs, 2036720068629.47, 7.27, 0.00, 1665483
7, pcs, 2036676021529.67, 7.87, 0.00, 1812209
7, pcs, 2036658294416.50, 8.47, 0.00, 1966861
7, pcs, 2037261506606.17, 9.07, 0.00, 2102495
7, pcs, 2036911815158.91, 9.67, 0.00, 2246708
7, pcs, 2037125427096.74, 10.27, 0.00, 2381368
7, pcs, 2036673794032.51, 10.87, 0.00, 2513662
7, pcs, 2036322005258.75, 11.47, 0.00, 2658463
7, pcs, 2036594213041.17, 12.07, 0.00, 2800468
7, pcs, 2037193058411.61, 12.67, 0.00, 2938046
7, pcs, 2037166005749.63, 13.27, 0.00, 3058320
7, pcs, 2037242809044.61, 13.87, 0.00, 3209037
7, pcs, 2037155188718.30, 14.47, 0.00, 3338851
7, pcs, 2036910941339.77, 15.07, 0.00, 3479918
7, pcs, 2036214455168.33, 15.67, 0.00, 3606383
7, pcs, 2036666993767.61, 16.27, 0.00, 3733929
7, pcs, 2036677026985.49, 16.87, 0.00, 3878712
7, pcs, 2037075485448.08, 17.47, 0.00, 4018868
7, pcs, 2036658472242.44, 18.07, 0.00, 4154890
7, pcs, 2036909143467.73, 18.67, 0.00, 4296162
7, pcs, 2037382758908.45, 19.27, 0.00, 4427389
7, pcs, 2037216958974.94, 19.87, 0.00, 4560301
7, pcs, 2037388246418.95, 20.47, 0.00, 4693581
7, pcs, 2037251700471.37, 21.07, 0.00, 4831820
7, pcs, 2037105278703.81, 21.67, 0.00, 4964191
7, pcs, 2037165201435.30, 22.27, 0.00, 5088703
7, pcs, 2037128829279.88, 22.87, 0.00, 5232647
7, pcs, 2037229570599.26, 23.47, 0.00, 5359413
7, pcs, 2037116687803.41, 24.07, 0.00, 5487983
7, pcs, 2037575405224.71, 24.67, 0.00, 5650700
7, pcs, 2037263439514.21, 25.27, 0.00, 5792641
7, pcs, 2036954703508.20, 25.87, 0.00, 5927664
7, pcs, 2036594879484.61, 26.47, 0.00, 6055953
7, pcs, 2036859450674.69, 27.07, 0.00, 6197275
7, pcs, 2036640479374.99, 27.67, 0.00, 6326691
7, pcs, 2036561618687.71, 28.27, 0.00, 6466914
7, pcs, 2036401765911.83, 28.87, 0.00, 6592514
7, pcs, 2036310062344.12, 29.47, 0.00, 6732412
7, pcs, 2036509760932.39, 30.07, 0.00, 6855908
7, pcs, 2036321155533.43, 30.67, 0.00, 6999471
7, pcs, 2036709859807.84, 31.27, 0.00, 7129994
7, pcs, 2036886179360.54, 31.87, 0.00, 7267546
7, pcs, 2036921024349.40, 32.48, 0.00, 7415470
7, pcs, 2036751683978.34, 33.09, 0.00, 7565497
7, pcs, 2036859657375.98, 33.70, 0.00, 7704886
7, pcs, 2036870875491.96, 34.31, 0.00, 7851687
7, pcs, 2036702060420.79, 34.92, 0.00, 7995065
7, pcs, 2036854191591.45, 35.53, 0.00, 8143746
7, pcs, 2036951920615.02, 36.14, 0.00, 8294948
7, pcs, 2036972256046.86, 36.75, 0.00, 8439951
7, pcs, 2036900470278.37, 37.36, 0.00, 8582745
7, pcs, 2036971495411.34, 37.97, 0.00, 8737912
7, pcs, 2036924940539.67, 38.58, 0.00, 8871950
7, pcs, 2036777797459.25, 39.19, 0.00, 9013073
7, pcs, 2036825689869.73, 39.80, 0.00, 9148545
7, pcs, 2036815733201.78, 40.41, 0.00, 9303503
7, pcs, 2036766745752.82, 41.02, 0.00, 9444249
7, pcs, 2036660934578.82, 41.63, 0.00, 9603225
7, pcs, 2036653556548.43, 42.24, 0.00, 9739057
7, pcs, 2036502238160.31, 42.85, 0.00, 9892228
7, pcs, 2036461079867.04, 43.46, 0.00, 10044678
7, pcs, 2036373657732.59, 44.07, 0.00, 10190103
7, pcs, 2036280237861.63, 44.68, 0.00, 10345265
7, pcs, 2036464949097.35, 45.29, 0.00, 10486315
7, pcs, 2036384082962.69, 45.90, 0.00, 10622113
7, pcs, 2036272871938.24, 46.51, 0.00, 10766725
7, pcs, 2036178570737.71, 47.12, 0.00, 10924577
7, pcs, 2036244665507.84, 47.73, 0.00, 11079800
7, pcs, 2036074708212.73, 48.34, 0.00, 11209944
7, pcs, 2036244244432.49, 48.95, 0.00, 11345006
7, pcs, 2036287513735.19, 49.56, 0.00, 11472604
7, pcs, 2036201748012.23, 50.17, 0.00, 11601592
7, pcs, 2036226635046.90, 50.78, 0.00, 11713045
7, pcs, 2036201627169.43, 51.39, 0.00, 11836329
7, pcs, 2036206480759.03, 52.00, 0.00, 11964641
7, pcs, 2036234010180.07, 52.61, 0.00, 12105554
7, pcs, 2036203385815.85, 53.22, 0.00, 12235154
7, pcs, 2036314955198.09, 53.83, 0.00, 12377734
7, pcs, 2036280394514.23, 54.44, 0.00, 12517268
7, pcs, 2036240161771.21, 55.05, 0.00, 12661221
7, pcs, 2036471698208.38, 55.66, 0.00, 12801973
7, pcs, 2036479294008.51, 56.27, 0.00, 12941206
7, pcs, 2036537171975.42, 56.88, 0.00, 13076768
7, pcs, 2036563525198.49, 57.49, 0.00, 13223737
7, pcs, 2036521499974.32, 58.10, 0.00, 13353493
7, pcs, 2036410666911.06, 58.71, 0.00, 13489143
7, pcs, 2036424018671.88, 59.32, 0.00, 13636689
7, pcs, 2036447403869.80, 59.93, 0.00, 13773089
8, pcs, 1911201449835.71, 0.01, 0.00, 7
8, pcs, 2035986997268.24, 0.62, 0.00, 135201
8, pcs, 2036227070129.14, 1.23, 0.00, 267200
8, pcs, 2034049973227.77, 1.84, 0.00, 408778
8, pcs, 2034017153859.60, 2.45, 0.00, 546389
8, pcs, 2034876357042.66, 3.06, 0.00, 679750
8, pcs, 2035727786285.04, 3.67, 0.00, 818650
8, pcs, 2035622445154.90, 4.27, 0.00, 949948
8, pcs, 2035178092066.50, 4.87, 0.00, 1081042
8, pcs, 2035343392907.07, 5.47, 0.00, 1213480
8, pcs, 2035647393198.04, 6.07, 0.00, 1362718
8, pcs, 2035687293059.78, 6.67, 0.00, 1504609
8, pcs, 2035552595683.23, 7.27, 0.00, 1642012
8, pcs, 2036570122696.04, 7.87, 0.00, 1772846
8, pcs, 2035824569947.48, 8.47, 0.00, 1905464
8, pcs, 2036596917984.37, 9.07, 0.00, 2033034
8, pcs, 2036553015907.57, 9.67, 0.00, 2164441
8, pcs, 2036275756916.78, 10.27, 0.00, 2307184
8, pcs, 2036402936450.57, 10.87, 0.00, 2450064
8, pcs, 2035884377495.05, 11.47, 0.00, 2579134
8, pcs, 2035928297709.26, 12.07, 0.00, 2734598
8, pcs, 2035692946381.37, 12.67, 0.00, 2878205
8, pcs, 2035930595377.34, 13.27, 0.00, 3018035
8, pcs, 2035702874059.40, 13.87, 0.00, 3150829
8, pcs, 2036065669011.54, 14.47, 0.00, 3286035
8, pcs, 2036604958041.92, 15.07, 0.00, 3427935
8, pcs, 2036751304839.65, 15.67, 0.00, 3557929
8, pcs, 2037252395205.89, 16.27, 0.00, 3702980
8, pcs, 2037182904456.25, 16.87, 0.00, 3838796
8, pcs, 2037345180118.97, 17.47, 0.00, 3977042
8, pcs, 2037423200928.36, 18.07, 0.00, 4108640
8, pcs, 2037184752955.48, 18.67, 0.00, 4247480
8, pcs, 2037070831635.44, 19.27, 0.00, 4385270
8, pcs, 2037305316015.63, 19.87, 0.00, 4525559
8, pcs, 2037732579367.46, 20.47, 0.00, 4664314
8, pcs, 2038052429875.89, 21.07, 0.00, 4801252
8, pcs, 2038061467018.95, 21.67, 0.00, 4938480
8, pcs, 2037847742084.34, 22.27, 0.00, 5073117
8, pcs, 2037502803054.43, 22.87, 0.00, 5208180
8, pcs, 2037698557139.24, 23.47, 0.00, 5350731
8, pcs, 2038260393639.49, 24.07, 0.00, 5497322
8, pcs, 2038373892207.03, 24.67, 0.00, 5640581
8, pcs, 2038584960214.84, 25.27, 0.00, 5783078
8, pcs, 2038368882842.90, 25.87, 0.00, 5926610
8, pcs, 2038475464795.60, 26.47, 0.00, 6067479
8, pcs, 2038528584134.02, 27.07, 0.00, 6201195
8, pcs, 2038136460871.66, 27.67, 0.00, 6342189
8, pcs, 2037933466482.56, 28.27, 0.00, 6490871
8, pcs, 2037798562739.83, 28.87, 0.00, 6627061
8, pcs, 2037848609618.55, 29.47, 0.00, 6769985
8, pcs, 2037935552529.00, 30.07, 0.00, 6908989
8, pcs, 2037777165784.12, 30.67, 0.00, 7056140
8, pcs, 2037704936237.99, 31.27, 0.00, 7186773
8, pcs, 2037516068422.36, 31.87, 0.00, 7326718
8, pcs, 2037193561115.43, 32.48, 0.00, 7465954
8, pcs, 2037200159848.10, 33.09, 0.00, 7603224
8, pcs, 2036939296454.47, 33.70, 0.00, 7745066
8, pcs, 2036800659598.70, 34.31, 0.00, 7891440
8, pcs, 2036881122542.51, 34.92, 0.00, 8030595
8, pcs, 2036965154079.54, 35.53, 0.00, 8179294
8, pcs, 2037128246503.20, 36.14, 0.00, 8320555
8, pcs, 2037382668156.01, 36.75, 0.00, 8452615
8, pcs, 2037468988329.27, 37.36, 0.00, 8591992
8, pcs, 2037396711210.36, 37.97, 0.00, 8715368
8, pcs, 2037540568986.64, 38.58, 0.00, 8825156
8, pcs, 2037446642616.90, 39.19, 0.00, 8957374
8, pcs, 2037230048508.79, 39.80, 0.00, 9083752
8, pcs, 2037211218907.47, 40.41, 0.00, 9229811
8, pcs, 2037069232045.03, 41.02, 0.00, 9375924
8, pcs, 2036968649278.31, 41.63, 0.00, 9522317
8, pcs, 2037013844686.94, 42.24, 0.00, 9680383
8, pcs, 2036768157224.45, 42.85, 0.00, 9828349
8, pcs, 2036787132183.30, 43.46, 0.00, 9969665
8, pcs, 2036673270816.13, 44.07, 0.00, 10122450
8, pcs, 2036842184756.92, 44.68, 0.00, 10273819
8, pcs, 2036794280484.60, 45.29, 0.00, 10412374
8, pcs, 2036784684373.00, 45.90, 0.00, 10553683
8, pcs, 2036779912038.65, 46.51, 0.00, 10688751
8, pcs, 2036896021766.71, 47.12, 0.00, 10832852
8, pcs, 2036862379126.51, 47.73, 0.00, 10972673
8, pcs, 2036922366681.09, 48.34, 0.00, 11108671
8, pcs, 2036877755848.55, 48.95, 0.00, 11227498
8, pcs, 2036832987871.40, 49.56, 0.00, 11377701
8, pcs, 2036632082831.47, 50.17, 0.00, 11514264
8, pcs, 2036473135286.36, 50.78, 0.00, 11662337
8, pcs, 2036561140413.79, 51.39, 0.00, 11793938
8, pcs, 2036517040036.82, 52.00, 0.00, 11933015
8, pcs, 2036759948000.18, 52.61, 0.00, 12071750
8, pcs, 2036547518515.75, 53.22, 0.00, 12208104
8, pcs, 2036461540861.12, 53.83, 0.00, 12344909
8, pcs, 2036440617024.62, 54.44, 0.00, 12476334
8, pcs, 2036377547666.27, 55.05, 0.00, 12620827
8, pcs, 2036386044623.52, 55.66, 0.00, 12768267
8, pcs, 2036374063478.53, 56.27, 0.00, 12898554
8, pcs, 2036498695247.57, 56.88, 0.00, 13030951
8, pcs, 2036586084988.05, 57.49, 0.00, 13184196
8, pcs, 2036441809227.48, 58.10, 0.00, 13319841
8, pcs, 2036579080375.56, 58.71, 0.00, 13441939
8, pcs, 2036566245329.66, 59.32, 0.00, 13590423
8, pcs, 2036535383862.18, 59.93, 0.00, 13728234
9, pcs, 2076807699163.18, 0.01, 0.00, 3266
9, pcs, 2030079978905.49, 0.62, 0.00, 152353
9, pcs, 2031519958192.47, 1.23, 0.00, 287065
9, pcs, 2030203249867.82, 1.84, 0.00, 422867
9, pcs, 2032647972767.81, 2.45, 0.00, 563376
9, pcs, 2037633610446.38, 3.06, 0.00, 706035
9, pcs, 2036059304455.91, 3.67, 0.00, 852356
9, pcs, 2036049865678.08, 4.27, 0.00, 981078
9, pcs, 2036409126272.85, 4.87, 0.00, 1116725
9, pcs, 2035107892085.88, 5.47, 0.00, 1257826
9, pcs, 2035278113457.13, 6.07, 0.00, 1401054
9, pcs, 2036250758608.28, 6.67, 0.00, 1542572
9, pcs, 2035782496993.74, 7.27, 0.00, 1693128
9, pcs, 2035833357837.93, 7.87, 0.00, 1845018
9, pcs, 2035526707243.99, 8.47, 0.00, 1994540
9, pcs, 2035903405873.80, 9.07, 0.00, 2137056
9, pcs, 2035890043746.85, 9.67, 0.00, 2280370
9, pcs, 2036012606908.84, 10.27, 0.00, 2431373
9, pcs, 2036009297445.66, 10.87, 0.00, 2581269
9, pcs, 2036096573355.47, 11.47, 0.00, 2716996
9, pcs, 2036437312372.60, 12.07, 0.00, 2859297
9, pcs, 2036088204807.20, 12.67, 0.00, 3000652
9, pcs, 2036203259617.17, 13.27, 0.00, 3158100
9, pcs, 2035814947897.44, 13.87, 0.00, 3307278
9, pcs, 2036130878314.50, 14.47, 0.00, 3457190
9, pcs, 2035679792768.23, 15.07, 0.00, 3596056
9, pcs, 2035685035711.06, 15.67, 0.00, 3735717
9, pcs, 2036018010627.92, 16.27, 0.00, 3871905
9, pcs, 2035960235870.92, 16.87, 0.00, 4018717
9, pcs, 2035815853391.74, 17.47, 0.00, 4157740
9, pcs, 2035596999451.83, 18.07, 0.00, 4304659
9, pcs, 2035663983969.25, 18.67, 0.00, 4435491
9, pcs, 2035439366433.18, 19.27, 0.00, 4581307
9, pcs, 2035861071359.61, 19.87, 0.00, 4729847
9, pcs, 2035927640745.92, 20.47, 0.00, 4864963
9, pcs, 2036148835664.11, 21.07, 0.00, 5011376
9, pcs, 2036352290054.37, 21.67, 0.00, 5156590
9, pcs, 2035917787207.22, 22.27, 0.00, 5311923
9, pcs, 2035907321703.15, 22.87, 0.00, 5443319
9, pcs, 2035952995984.94, 23.47, 0.00, 5583795
9, pcs, 2036049721089.56, 24.07, 0.00, 5728655
9, pcs, 2035906811609.97, 24.67, 0.00, 5841274
9, pcs, 2035849805059.65, 25.27, 0.00, 5959723
9, pcs, 2035940802026.54, 25.87, 0.00, 6100348
9, pcs, 2036067181811.17, 26.47, 0.00, 6230145
9, pcs, 2035724951473.13, 27.07, 0.00, 6380044
9, pcs, 2035700043613.94, 27.67, 0.00, 6513640
9, pcs, 2035468672916.28, 28.27, 0.00, 6651305
9, pcs, 2035613512745.98, 28.87, 0.00, 6793816
9, pcs, 2035859620891.83, 29.47, 0.00, 6933067
9, pcs, 2035741863685.45, 30.07, 0.00, 7076417
9, pcs, 2035817904285.35, 30.67, 0.00, 7217690
9, pcs, 2036058922182.32, 31.27, 0.00, 7351792
9, pcs, 2036149201280.82, 31.87, 0.00, 7481735
9, pcs, 2035965590364.75, 32.48, 0.00, 7622593
9, pcs, 2036063126147.74, 33.09, 0.00, 7767477
9, pcs, 2035752523433.48, 33.70, 0.00, 7910779
9, pcs, 2035697260399.65, 34.31, 0.00, 8046260
9, pcs, 2035669548277.46, 34.92, 0.00, 8194292
9, pcs, 2035901632161.22, 35.53, 0.00, 8338267
9, pcs, 2035772511101.14, 36.14, 0.00, 8470975
9, pcs, 2035857156057.05, 36.75, 0.00, 8605149
9, pcs, 2035961434552.93, 37.36, 0.00, 8746643
9, pcs, 2036013144625.89, 37.97, 0.00, 8881331
9, pcs, 2036029878878.95, 38.58, 0.00, 9016604
9, pcs, 2036067861982.41, 39.19, 0.00, 9143763
9, pcs, 2036193776646.56, 39.80, 0.00, 9278260
9, pcs, 2036336173127.25, 40.41, 0.00, 9411048
9, pcs, 2036232108167.69, 41.02, 0.00, 9548100
9, pcs, 2036282853597.18, 41.63, 0.00, 9682301
9, pcs, 2036256779349.76, 42.24, 0.00, 9818656
9, pcs, 2036348973288.66, 42.85, 0.00, 9964383
9, pcs, 2036164628108.97, 43.46, 0.00, 10095333
9, pcs, 2036240907620.99, 44.07, 0.00, 10233608
9, pcs, 2036274751874.18, 44.68, 0.00, 10385968
9, pcs, 2036354916098.05, 45.29, 0.00, 10516738
9, pcs, 2036246780556.34, 45.90, 0.00, 10671100
9, pcs, 2036219941187.34, 46.51, 0.00, 10809777
9, pcs, 2036143423441.77, 47.12, 0.00, 10955016
9, pcs, 2036214484024.74, 47.73, 0.00, 11096968
9, pcs, 2036257924798.18, 48.34, 0.00, 11239598
9, pcs, 2036113507892.58, 48.95, 0.00, 11387060
9, pcs, 2036219328227.15, 49.56, 0.00, 11515123
9, pcs, 2036352165538.33, 50.17, 0.00, 11653635
9, pcs, 2036516476634.15, 50.78, 0.00, 11788396
9, pcs, 2036689496469.70, 51.39, 0.00, 11928221
9, pcs, 2036705621358.30, 52.00, 0.00, 12067001
9, pcs, 2036709855614.86, 52.61, 0.00, 12210031
9, pcs, 2036722153540.90, 53.22, 0.00, 12352509
9, pcs, 2036635510426.87, 53.83, 0.00, 12490462
9, pcs, 2036797822949.67, 54.44, 0.00, 12640391
9, pcs, 2036709189409.84, 55.05, 0.00, 12792588
9, pcs, 2036692958347.75, 55.66, 0.00, 12947941
9, pcs, 2036742678014.74, 56.27, 0.00, 13084500
9, pcs, 2036705318039.96, 56.88, 0.00, 13228449
9, pcs, 2036671494502.93, 57.49, 0.00, 13374643
9, pcs, 2036679172629.47, 58.10, 0.00, 13526626
9, pcs, 2036780291974.21, 58.71, 0.00, 13681790
9, pcs, 2036765409416.64, 59.32, 0.00, 13826869
9, pcs, 2036724194698.14, 59.93, 0.00, 13976535
10, pcs, 1779136682115.65, 0.01, 0.00, 767
10, pcs, 2036292341706.83, 0.62, 0.00, 142388
10, pcs, 2039130053393.66, 1.23, 0.00, 275516
10, pcs, 2036122079790.27, 1.84, 0.00, 418842
10, pcs, 2037327658177.06, 2.45, 0.00, 553762
10, pcs, 2033743514148.36, 3.06, 0.00, 696811
10, pcs, 2035365822386.38, 3.67, 0.00, 838153
10, pcs, 2035659550170.52, 4.27, 0.00, 986320
10, pcs, 2035401340588.74, 4.87, 0.00, 1133365
10, pcs, 2034809259716.20, 5.47, 0.00, 1287436
10, pcs, 2035883869703.86, 6.07, 0.00, 1422467
10, pcs, 2035401800620.06, 6.67, 0.00, 1555155
10, pcs, 2035789841935.12, 7.27, 0.00, 1702401
10, pcs, 2036004268241.15, 7.87, 0.00, 1842767
10, pcs, 2035733477929.28, 8.47, 0.00, 1986793
10, pcs, 2035982453049.36, 9.07, 0.00, 2135281
10, pcs, 2036239805332.94, 9.67, 0.00, 2266815
10, pcs, 2034723828723.15, 10.27, 0.00, 2411360
10, pcs, 2034331194074.83, 10.87, 0.00, 2529821
10, pcs, 2034412897144.88, 11.47, 0.00, 2661760
10, pcs, 2035006751242.12, 12.07, 0.00, 2768283
10, pcs, 2034723279828.59, 12.67, 0.00, 2886201
10, pcs, 2034934227513.80, 13.27, 0.00, 3024598
10, pcs, 2034683795499.27, 13.87, 0.00, 3160991
10, pcs, 2034662906262.06, 14.47, 0.00, 3299988
10, pcs, 2034766678217.21, 15.07, 0.00, 3447101
10, pcs, 2034766850409.55, 15.67, 0.00, 3600329
10, pcs, 2034591259017.70, 16.27, 0.00, 3749788
10, pcs, 2034397273473.50, 16.87, 0.00, 3906864
10, pcs, 2034564941101.86, 17.47, 0.00, 4038941
10, pcs, 2034754967000.47, 18.07, 0.00, 4193680
10, pcs, 2034740276614.18, 18.67, 0.00, 4338255
10, pcs, 2034721689547.02, 19.27, 0.00, 4467123
10, pcs, 2035143540355.23, 19.87, 0.00, 4591702
10, pcs, 2035332259961.83, 20.47, 0.00, 4718472
10, pcs, 2035714629319.09, 21.07, 0.00, 4864598
10, pcs, 2035930775783.84, 21.67, 0.00, 5005910
10, pcs, 2035763388299.15, 22.27, 0.00, 5137348
10, pcs, 2036133546918.12, 22.87, 0.00, 5262814
10, pcs, 2035767065090.56, 23.47, 0.00, 5390838
10, pcs, 2035716618699.41, 24.07, 0.00, 5519806
10, pcs, 2036047468334.60, 24.67, 0.00, 5648741
10, pcs, 2036179480383.54, 25.27, 0.00, 5779174
10, pcs, 2036193819337.87, 25.87, 0.00, 5903473
10, pcs, 2036276117802.94, 26.47, 0.00, 6032651
10, pcs, 2036360915557.24, 27.07, 0.00, 6165178
10, pcs, 2036156881451.85, 27.67, 0.00, 6313604
10, pcs, 2036421834373.07, 28.27, 0.00, 6437266
10, pcs, 2036456037589.16, 28.87, 0.00, 6564809
10, pcs, 2036457523422.92, 29.47, 0.00, 6712226
10, pcs, 2036498715931.83, 30.07, 0.00, 6840054
10, pcs, 2036245406392.36, 30.67, 0.00, 6971171
10, pcs, 2036391574137.60, 31.27, 0.00, 7110818
10, pcs, 2036430083844.10, 31.87, 0.00, 7242774
10, pcs, 2036148849682.08, 32.48, 0.00, 7393712
10, pcs, 2036249288042.59, 33.09, 0.00, 7539480
10, pcs, 2036383283760.69, 33.70, 0.00, 7678534
10, pcs, 2036447047020.08, 34.31, 0.00, 7825657
10, pcs, 2036606564594.19, 34.92, 0.00, 7968402
10, pcs, 2036646384533.66, 35.53, 0.00, 8113572
10, pcs, 2036610622686.56, 36.14, 0.00, 8258179
10, pcs, 2036397036830.85, 36.75, 0.00, 8397645
10, pcs, 2036344474488.80, 37.36, 0.00, 8541882
10, pcs, 2036186426424.11, 37.97, 0.00, 8672989
10, pcs, 2036018633274.31, 38.58, 0.00, 8816653
10, pcs, 2036335805121.72, 39.19, 0.00, 8955881
10, pcs, 2036167143643.77, 39.80, 0.00, 9110912
10, pcs, 2035922668308.73, 40.41, 0.00, 9248059
10, pcs, 2035907172803.16, 41.02, 0.00, 9373147
10, pcs, 2035943030009.95, 41.63, 0.00, 9513745
10, pcs, 2036021625990.41, 42.24, 0.00, 9673457
10, pcs, 2035859207230.58, 42.85, 0.00, 9841730
10, pcs, 2035742018612.92, 43.46, 0.00, 9986826
10, pcs, 2035690626878.82, 44.07, 0.00, 10128644
10, pcs, 2035598401405.47, 44.68, 0.00, 10275049
10, pcs, 2035862950864.91, 45.29, 0.00, 10414650
10, pcs, 2035975552094.46, 45.90, 0.00, 10554595
10, pcs, 2036033705761.21, 46.51, 0.00, 10689567
10, pcs, 2036112890919.18, 47.12, 0.00, 10824817
10, pcs, 2036090686875.29, 47.73, 0.00, 10953184
10, pcs, 2036181512344.18, 48.34, 0.00, 11096149
10, pcs, 2036215282888.30, 48.95, 0.00, 11236407
10, pcs, 2036344980959.43, 49.56, 0.00, 11384813
10, pcs, 2036422339813.35, 50.17, 0.00, 11524240
10, pcs, 2036447477421.89, 50.78, 0.00, 11673859
10, pcs, 2036529232982.51, 51.39, 0.00, 11827905
10, pcs, 2036474387733.06, 52.00, 0.00, 11980627
10, pcs, 2036414619363.46, 52.61, 0.00, 12139470
10, pcs, 2036305665398.04, 53.22, 0.00, 12275053
10, pcs, 2036026615475.62, 53.83, 0.00, 12421836
10, pcs, 2035901195667.12, 54.44, 0.00, 12560581
10, pcs, 2036007273686.15, 55.05, 0.00, 12712411
10, pcs, 2035943396567.97, 55.66, 0.00, 12866357
10, pcs, 2036177666233.87, 56.27, 0.00, 12998429
10, pcs, 2036227234653.81, 56.88, 0.00, 13150321
10, pcs, 2036236197627.83, 57.49, 0.00, 13278746
10, pcs, 2036254645999.69, 58.10, 0.00, 13428342
10, pcs, 2036289149217.41, 58.71, 0.00, 13544203
10, pcs, 2036339029738.04, 59.32, 0.00, 13645500
10, pcs, 2036472333810.38, 59.93, 0.00, 13771416
11, pcs, 2068915929451.79, 0.01, 0.00, 3078
11, pcs, 2030697010602.95, 0.62, 0.00, 147112
11, pcs, 2029906340491.19, 1.23, 0.00, 286443
11, pcs, 2030367025723.83, 1.84, 0.00, 450906
11, pcs, 2028429978304.16, 2.45, 0.00, 598336
11, pcs, 2029368549692.47, 3.06, 0.00, 745940
11, pcs, 2030996851579.52, 3.67, 0.00, 884172
11, pcs, 2032841985993.09, 4.27, 0.00, 1021445
11, pcs, 2034919763655.39, 4.87, 0.00, 1165529
11, pcs, 2034453732173.61, 5.47, 0.00, 1299182
11, pcs, 2036278290221.52, 6.07, 0.00, 1437838
11, pcs, 2035709965584.80, 6.67, 0.00, 1567692
11, pcs, 2036338036312.86, 7.27, 0.00, 1695409
11, pcs, 2037045850911.89, 7.87, 0.00, 1827606
11, pcs, 2035910998073.86, 8.47, 0.00, 1952847
11, pcs, 2036093105850.73, 9.07, 0.00, 2098468
11, pcs, 2036052513870.01, 9.67, 0.00, 2230063
11, pcs, 2035800951466.88, 10.27, 0.00, 2355918
11, pcs, 2036223804052.48, 10.87, 0.00, 2495407
11, pcs, 2036893779271.89, 11.47, 0.00, 2624778
11, pcs, 2037087512728.34, 12.07, 0.00, 2759502
11, pcs, 2037122992398.09, 12.67, 0.00, 2899771
11, pcs, 2037037085463.58, 13.27, 0.00, 3029209
11, pcs, 2036553196259.90, 13.87, 0.00, 3163082
11, pcs, 2036425140438.58, 14.47, 0.00, 3294291
11, pcs, 2036816264019.19, 15.07, 0.00, 3422975
11, pcs, 2036639051907.33, 15.67, 0.00, 3553990
11, pcs, 2036656343439.32, 16.27, 0.00, 3675762
11, pcs, 2037031887720.27, 16.87, 0.00, 3814856
11, pcs, 2037228742462.48, 17.47, 0.00, 3947035
11, pcs, 2037327277402.46, 18.07, 0.00, 4073541
11, pcs, 2037342524346.66, 18.67, 0.00, 4209577
11, pcs, 2037397233274.51, 19.27, 0.00, 4340011
11, pcs, 2037236042901.68, 19.87, 0.00, 4470347
11, pcs, 2036691939740.12, 20.47, 0.00, 4621879
11, pcs, 2036953716799.97, 21.07, 0.00, 4773738
11, pcs, 2037064913349.43, 21.67, 0.00, 4916744
11, pcs, 2037247409860.77, 22.27, 0.00, 5048804
11, pcs, 2037294533272.56, 22.87, 0.00, 5180216
11, pcs, 2037553774158.31, 23.47, 0.00, 5301660
11, pcs, 2037558754948.20, 24.07, 0.00, 5450020
11, pcs, 2037544699280.42, 24.67, 0.00, 5584410
11, pcs, 2037278963212.25, 25.27, 0.00, 5716747
11, pcs, 2037315759424.95, 25.87, 0.00, 5850765
11, pcs, 2037585155810.37, 26.47, 0.00, 5988737
11, pcs, 2037612677906.07, 27.07, 0.00, 6128470
11, pcs, 2037450805981.33, 27.67, 0.00, 6274987
11, pcs, 2037108345458.88, 28.27, 0.00, 6404102
11, pcs, 2036932772131.86, 28.87, 0.00, 6569893
11, pcs, 2036969671683.19, 29.47, 0.00, 6703964
11, pcs, 2037017595453.86, 30.07, 0.00, 6848150
11, pcs, 2036914049917.53, 30.67, 0.00, 6994281
11, pcs, 2036967692501.54, 31.27, 0.00, 7134418
11, pcs, 2037022110198.08, 31.87, 0.00, 7294054
11, pcs, 2036705318460.66, 32.48, 0.00, 7453296
11, pcs, 2036770221762.01, 33.09, 0.00, 7579258
11, pcs, 2036757695265.77, 33.70, 0.00, 7728534
11, pcs, 2036686473993.77, 34.31, 0.00, 7871145
11, pcs, 2036733410199.42, 34.92, 0.00, 8019354
11, pcs, 2036935397618.61, 35.53, 0.00, 8158984
11, pcs, 2036995387471.42, 36.14, 0.00, 8297293
11, pcs, 2037250783965.45, 36.75, 0.00, 8443302
11, pcs, 2037010503533.99, 37.36, 0.00, 8586199
11, pcs, 2036789607584.83, 37.97, 0.00, 8731963
11, pcs, 2036881883768.87, 38.58, 0.00, 8871796
11, pcs, 2036905673227.05, 39.19, 0.00, 9023791
11, pcs, 2037141005152.64, 39.80, 0.00, 9173769
11, pcs, 2037108359468.30, 40.41, 0.00, 9342454
11, pcs, 2037228347305.82, 41.02, 0.00, 9486817
11, pcs, 2037114148875.28, 41.63, 0.00, 9636933
11, pcs, 2037259197003.25, 42.24, 0.00, 9779201
11, pcs, 2037237898269.40, 42.85, 0.00, 9919967
11, pcs, 2037299235485.52, 43.46, 0.00, 10074338
11, pcs, 2037256381485.78, 44.07, 0.00, 10234542
11, pcs, 2037317332519.96, 44.68, 0.00, 10373039
11, pcs, 2037278051813.30, 45.29, 0.00, 10503334
11, pcs, 2037342995541.29, 45.90, 0.00, 10621106
11, pcs, 2037254318117.52, 46.51, 0.00, 10729541
11, pcs, 2037061502916.99, 47.12, 0.00, 10863276
11, pcs, 2037050477559.98, 47.73, 0.00, 11013541
11, pcs, 2037091976969.61, 48.34, 0.00, 11162689
11, pcs, 2036993795334.13, 48.95, 0.00, 11303796
11, pcs, 2036990825554.28, 49.56, 0.00, 11444270
11, pcs, 2036876270548.17, 50.17, 0.00, 11584916
11, pcs, 2036836212604.60, 50.78, 0.00, 11738269
11, pcs, 2036781086160.17, 51.39, 0.00, 11885210
11, pcs, 2036643600886.70, 52.00, 0.00, 12037605
11, pcs, 2036657010541.88, 52.61, 0.00, 12180151
11, pcs, 2036656731384.93, 53.22, 0.00, 12318344
11, pcs, 2036613531396.95, 53.83, 0.00, 12464702
11, pcs, 2036793382876.48, 54.44, 0.00, 12614930
11, pcs, 2036734965868.63, 55.05, 0.00, 12754092
11, pcs, 2036863178268.72, 55.66, 0.00, 12884478
11, pcs, 2036725149453.90, 56.27, 0.00, 13017948
11, pcs, 2036681171837.58, 56.88, 0.00, 13157588
11, pcs, 2036664325942.81, 57.49, 0.00, 13286133
11, pcs, 2036749715005.49, 58.10, 0.00, 13420572
11, pcs, 2036736418489.82, 58.71, 0.00, 13546697
11, pcs, 2036772899294.85, 59.32, 0.00, 13678585
11, pcs, 2036811669237.25, 59.93, 0.00, 13810236
12, pcs, 1995026074828.51, 0.01, 0.00, 513
12, pcs, 2034935546648.05, 0.62, 0.00, 128233
12, pcs, 2037066224577.69, 1.23, 0.00, 272449
12, pcs, 2038312296069.58, 1.84, 0.00, 409505
12, pcs, 2035357060652.36, 2.45, 0.00, 542378
12, pcs, 2035963183214.12, 3.06, 0.00, 667027
12, pcs, 2033099684095.21, 3.67, 0.00, 805021
12, pcs, 2032245053731.47, 4.27, 0.00, 926883
12, pcs, 2033394124028.58, 4.87, 0.00, 1073559
12, pcs, 2033420694046.17, 5.47, 0.00, 1205650
12, pcs, 2033216268283.44, 6.07, 0.00, 1352747
12, pcs, 2034294856980.26, 6.67, 0.00, 1497734
12, pcs, 2034412749639.39, 7.27, 0.00, 1635432
12, pcs, 2035347166975.19, 7.87, 0.00, 1775893
12, pcs, 2034826218491.10, 8.47, 0.00, 1909489
12, pcs, 2035450017889.91, 9.07, 0.00, 2047601
12, pcs, 2034504020661.06, 9.67, 0.00, 2182669
12, pcs, 2034988580127.14, 10.27, 0.00, 2326157
12, pcs, 2035297441352.20, 10.87, 0.00, 2462303
12, pcs, 2034855709990.86, 11.47, 0.00, 2601401
12, pcs, 2034590034845.21, 12.07, 0.00, 2737120
12, pcs, 2034511801887.89, 12.67, 0.00, 2871002
12, pcs, 2034852117589.03, 13.27, 0.00, 3010269
12, pcs, 2034559893246.85, 13.87, 0.00, 3153375
12, pcs, 2034847374342.86, 14.47, 0.00, 3295057
12, pcs, 2034547500321.05, 15.07, 0.00, 3428768
12, pcs, 2034800353296.94, 15.67, 0.00, 3570190
12, pcs, 2034711954785.04, 16.27, 0.00, 3721079
12, pcs, 2035215522855.69, 16.87, 0.00, 3863325
12, pcs, 2035422621329.06, 17.47, 0.00, 4004477
12, pcs, 2035326754345.00, 18.07, 0.00, 4136361
12, pcs, 2035318079124.45, 18.67, 0.00, 4275236
12, pcs, 2035627782227.16, 19.27, 0.00, 4409909
12, pcs, 2035415725788.93, 19.87, 0.00, 4558684
12, pcs, 2035797871978.20, 20.47, 0.00, 4700172
12, pcs, 2035931430980.09, 21.07, 0.00, 4843417
12, pcs, 2035739912182.16, 21.67, 0.00, 4980503
12, pcs, 2035751040787.19, 22.27, 0.00, 5118446
12, pcs, 2035724410090.73, 22.87, 0.00, 5256669
12, pcs, 2035412923105.96, 23.47, 0.00, 5406131
12, pcs, 2035491679878.74, 24.07, 0.00, 5541905
12, pcs, 2035492422717.48, 24.67, 0.00, 5691327
12, pcs, 2035417393331.80, 25.27, 0.00, 5839425
12, pcs, 2035278091398.04, 25.87, 0.00, 5979513
12, pcs, 2035410728688.73, 26.47, 0.00, 6134206
12, pcs, 2035211911432.50, 27.07, 0.00, 6284240
12, pcs, 2035356393802.33, 27.67, 0.00, 6428824
12, pcs, 2035239859327.23, 28.27, 0.00, 6578306
12, pcs, 2035178333835.89, 28.87, 0.00, 6722864
12, pcs, 2035193501946.14, 29.47, 0.00, 6862863
12, pcs, 2035175062702.44, 30.07, 0.00, 7015186
12, pcs, 2035214768000.42, 30.67, 0.00, 7160418
12, pcs, 2035435413818.21, 31.27, 0.00, 7309770
12, pcs, 2035527510623.94, 31.87, 0.00, 7447842
12, pcs, 2035471404784.18, 32.48, 0.00, 7581899
12, pcs, 2035599906382.35, 33.09, 0.00, 7701692
12, pcs, 2035481533673.56, 33.70, 0.00, 7811577
12, pcs, 2035453442579.31, 34.31, 0.00, 7935981
12, pcs, 2035552003569.77, 34.92, 0.00, 8061461
12, pcs, 2035583685487.53, 35.53, 0.00, 8219678
12, pcs, 2035599907485.49, 36.14, 0.00, 8363807
12, pcs, 2035504253565.36, 36.75, 0.00, 8499673
12, pcs, 2035297911533.21, 37.36, 0.00, 8649388
12, pcs, 2035042023547.04, 37.97, 0.00, 8803292
12, pcs, 2035108627204.71, 38.58, 0.00, 8944298
12, pcs, 2035258083405.13, 39.19, 0.00, 9090154
12, pcs, 2035161054112.01, 39.80, 0.00, 9242090
12, pcs, 2035177659683.25, 40.41, 0.00, 9388382
12, pcs, 2035121343030.56, 41.02, 0.00, 9519016
12, pcs, 2035216744782.68, 41.63, 0.00, 9660895
12, pcs, 2035225638476.88, 42.24, 0.00, 9807128
12, pcs, 2035479193487.62, 42.85, 0.00, 9951838
12, pcs, 2035555982257.04, 43.46, 0.00, 10093281
12, pcs, 2035585288374.11, 44.07, 0.00, 10224351
12, pcs, 2035528837502.89, 44.68, 0.00, 10354470
12, pcs, 2035626463160.29, 45.29, 0.00, 10511123
12, pcs, 2035483876098.16, 45.90, 0.00, 10641369
12, pcs, 2035507583132.45, 46.51, 0.00, 10784802
12, pcs, 2035593764642.72, 47.12, 0.00, 10929260
12, pcs, 2035602731152.93, 47.73, 0.00, 11066042
12, pcs, 2035418970963.07, 48.34, 0.00, 11205346
12, pcs, 2035421971454.59, 48.95, 0.00, 11352192
12, pcs, 2035522680478.63, 49.56, 0.00, 11490224
12, pcs, 2035549843627.41, 50.17, 0.00, 11624374
12, pcs, 2035456337421.83, 50.78, 0.00, 11754311
12, pcs, 2035368556634.45, 51.39, 0.00, 11896702
12, pcs, 2035412276870.53, 52.00, 0.00, 12037427
12, pcs, 2035403438008.09, 52.61, 0.00, 12183091
12, pcs, 2035501863185.85, 53.22, 0.00, 12334827
12, pcs, 2035621111574.50, 53.83, 0.00, 12473204
12, pcs, 2035656328507.15, 54.44, 0.00, 12617113
12, pcs, 2035633816679.01, 55.05, 0.00, 12749835
12, pcs, 2035709737080.44, 55.66, 0.00, 12898715
12, pcs, 2035623477197.85, 56.27, 0.00, 13044851
12, pcs, 2035898824675.83, 56.88, 0.00, 13189790
12, pcs, 2035765200864.99, 57.49, 0.00, 13346339
12, pcs, 2035755835555.14, 58.10, 0.00, 13493827
12, pcs, 2035737820922.40, 58.71, 0.00, 13627245
12, pcs, 2035723659365.38, 59.32, 0.00, 13760130
12, pcs, 2035916416295.43, 59.93, 0.00, 13911624
13, pcs, 1993336416157.19, 0.01, 0.00, 2292
13, pcs, 2039422299233.59, 0.62, 0.00, 144390
13, pcs, 2038970264900.93, 1.23, 0.00, 286997
13, pcs, 2039253911015.75, 1.84, 0.00, 443732
13, pcs, 2035761314069.48, 2.45, 0.00, 583695
13, pcs, 2036616389385.88, 3.06, 0.00, 733340
13, pcs, 2038138996156.05, 3.67, 0.00, 885954
13, pcs, 2037284664475.99, 4.27, 0.00, 1031307
13, pcs, 2038150455304.50, 4.87, 0.00, 1179143
13, pcs, 2038704148847.73, 5.47, 0.00, 1318109
13, pcs, 2037558481029.91, 6.07, 0.00, 1453786
13, pcs, 2037043035113.94, 6.67, 0.00, 1589137
13, pcs, 2037381170565.85, 7.27, 0.00, 1733861
13, pcs, 2038111190990.22, 7.87, 0.00, 1887592
13, pcs, 2038125797413.52, 8.47, 0.00, 2023422
13, pcs, 2037349415256.94, 9.07, 0.00, 2159041
13, pcs, 2036740601884.19, 9.67, 0.00, 2288479
13, pcs, 2036634479257.80, 10.27, 0.00, 2439538
13, pcs, 2037010369298.89, 10.87, 0.00, 2577554
13, pcs, 2037127429412.56, 11.47, 0.00, 2730079
13, pcs, 2037154719199.10, 12.07, 0.00, 2867054
13, pcs, 2035709292739.46, 12.67, 0.00, 3019132
13, pcs, 2035991564776.18, 13.27, 0.00, 3163534
13, pcs, 2035625222398.35, 13.87, 0.00, 3310593
13, pcs, 2035472547128.91, 14.47, 0.00, 3462140
13, pcs, 2035852765018.18, 15.07, 0.00, 3606153
13, pcs, 2036113658767.18, 15.67, 0.00, 3766489
13, pcs, 2036392368795.78, 16.27, 0.00, 3910240
13, pcs, 2036128677147.46, 16.87, 0.00, 4052042
13, pcs, 2036251215139.97, 17.47, 0.00, 4185753
13, pcs, 2036475678400.94, 18.07, 0.00, 4310028
13, pcs, 2036148038839.66, 18.67, 0.00, 4443875
13, pcs, 2036266171191.56, 19.27, 0.00, 4571612
13, pcs, 2036473294550.28, 19.87, 0.00, 4684213
13, pcs, 2036044780445.15, 20.47, 0.00, 4806052
13, pcs, 2036038069819.86, 21.07, 0.00, 4942987
13, pcs, 2036126275348.63, 21.67, 0.00, 5089693
13, pcs, 2036012628710.24, 22.27, 0.00, 5243864
13, pcs, 2036285215381.59, 22.87, 0.00, 5401877
13, pcs, 2036484543646.03, 23.47, 0.00, 5547740
13, pcs, 2036386084643.92, 24.07, 0.00, 5701003
13, pcs, 2036374599145.61, 24.67, 0.00, 5846065
13, pcs, 2036438559026.16, 25.27, 0.00, 6004995
13, pcs, 2036566200814.76, 25.87, 0.00, 6124577
13, pcs, 2036469441327.98, 26.47, 0.00, 6250623
13, pcs, 2036445685047.83, 27.07, 0.00, 6385988
13, pcs, 2036318125800.60, 27.67, 0.00, 6526685
13, pcs, 2036433846423.06, 28.27, 0.00, 6658608
13, pcs, 2036563293538.10, 28.87, 0.00, 6796008
13, pcs, 2036668505898.64, 29.47, 0.00, 6930031
13, pcs, 2036860256854.66, 30.07, 0.00, 7070387
13, pcs, 2036680847510.26, 30.67, 0.00, 7205590
13, pcs, 2036521093773.63, 31.27, 0.00, 7339800
13, pcs, 2036544949855.69, 31.87, 0.00, 7456954
13, pcs, 2036545766164.14, 32.48, 0.00, 7599341
13, pcs, 2036730586273.36, 33.09, 0.00, 7732601
13, pcs, 2036662383349.75, 33.70, 0.00, 7868650
13, pcs, 2036811204691.43, 34.31, 0.00, 8023547
13, pcs, 2036616735732.95, 34.92, 0.00, 8162990
13, pcs, 2036664514135.97, 35.53, 0.00, 8293941
13, pcs, 2036456054330.47, 36.14, 0.00, 8430446
13, pcs, 2036340824274.55, 36.75, 0.00, 8559015
13, pcs, 2036306502887.27, 37.36, 0.00, 8686350
13, pcs, 2036206102171.03, 37.97, 0.00, 8814951
13, pcs, 2035978566202.79, 38.58, 0.00, 8959588
13, pcs, 2035995213214.57, 39.19, 0.00, 9089649
13, pcs, 2035903873263.98, 39.80, 0.00, 9231506
13, pcs, 2036123299008.84, 40.41, 0.00, 9389449
13, pcs, 2036142227494.38, 41.02, 0.00, 9523419
13, pcs, 2036132463458.95, 41.63, 0.00, 9670864
13, pcs, 2035941960914.99, 42.24, 0.00, 9813682
13, pcs, 2035842539573.14, 42.85, 0.00, 9955779
13, pcs, 2035948599827.97, 43.46, 0.00, 10094423
13, pcs, 2035924503891.98, 44.07, 0.00, 10245663
13, pcs, 2036066535905.86, 44.68, 0.00, 10386718
13, pcs, 2036397900148.44, 45.29, 0.00, 10540239
13, pcs, 2036383648904.22, 45.90, 0.00, 10680349
13, pcs, 2036305975358.37, 46.51, 0.00, 10819415
13, pcs, 2036369318449.75, 47.12, 0.00, 10947865
13, pcs, 2036386428098.92, 47.73, 0.00, 11090726
13, pcs, 2036544389622.78, 48.34, 0.00, 11246373
13, pcs, 2036484466073.23, 48.95, 0.00, 11388369
13, pcs, 2036413708930.91, 49.56, 0.00, 11541626
13, pcs, 2036386087976.53, 50.17, 0.00, 11688973
13, pcs, 2036479672913.00, 50.78, 0.00, 11819449
13, pcs, 2036231113001.12, 51.39, 0.00, 11951576
13, pcs, 2036157185962.70, 52.00, 0.00, 12104332
13, pcs, 2036271036886.89, 52.61, 0.00, 12247431
13, pcs, 2036288282817.14, 53.22, 0.00, 12395553
13, pcs, 2036261834197.44, 53.83, 0.00, 12545052
13, pcs, 2036258500166.02, 54.44, 0.00, 12684894
13, pcs, 2036318391646.24, 55.05, 0.00, 12824243
13, pcs, 2036202410975.97, 55.66, 0.00, 12969191
13, pcs, 2036216896827.08, 56.27, 0.00, 13108427
13, pcs, 2036309743968.48, 56.88, 0.00, 13248751
13, pcs, 2036371286611.79, 57.49, 0.00, 13397674
13, pcs, 2036371413542.70, 58.10, 0.00, 13548593
13, pcs, 2036276785769.40, 58.71, 0.00, 13686175
13, pcs, 2036058329958.67, 59.32, 0.00, 13852707
13, pcs, 2036000748290.88, 59.93, 0.00, 14005219
