exp_rep, bfly, algo, time, preprocess_time, iterations
1, pcs, 105277413008675.79, 0.01, 845.05, 249
1, pcs, 101534366073863.37, 0.62, 845.05, 41608
1, pcs, 101747701883877.32, 1.23, 845.05, 98591
1, pcs, 102062840716173.15, 1.84, 845.05, 161263
1, pcs, 101749835731933.92, 2.45, 845.05, 232909
1, pcs, 101587986821575.11, 3.06, 845.05, 306731
1, pcs, 101509156384262.59, 3.67, 845.05, 388533
1, pcs, 101604789064251.88, 4.27, 845.05, 466725
1, pcs, 101527520499662.57, 4.87, 845.05, 547697
1, pcs, 101566051548954.83, 5.47, 845.05, 628868
1, pcs, 101575158885636.85, 6.07, 845.05, 716973
1, pcs, 101618595884944.88, 6.67, 845.05, 801754
1, pcs, 101609884128897.67, 7.27, 845.05, 885502
1, pcs, 101625020779723.27, 7.87, 845.05, 982973
1, pcs, 101596455629735.52, 8.47, 845.05, 1070689
1, pcs, 101607471917542.48, 9.07, 845.05, 1157930
1, pcs, 101565769785332.44, 9.67, 845.05, 1252477
1, pcs, 101575596181054.73, 10.27, 845.05, 1341894
1, pcs, 101540529623424.96, 10.87, 845.05, 1439034
1, pcs, 101538882903584.59, 11.47, 845.05, 1531486
1, pcs, 101550297056388.14, 12.07, 845.05, 1614430
1, pcs, 101511031178859.17, 12.67, 845.05, 1689105
1, pcs, 101522668247656.90, 13.27, 845.05, 1770606
1, pcs, 101520209861857.60, 13.87, 845.05, 1844631
1, pcs, 101515860169656.58, 14.47, 845.05, 1923869
1, pcs, 101516580350742.70, 15.07, 845.05, 1995331
1, pcs, 101509433339135.87, 15.67, 845.05, 2070531
1, pcs, 101497439755832.82, 16.27, 845.05, 2155791
1, pcs, 101503814019545.89, 16.87, 845.05, 2244912
1, pcs, 101468165529239.95, 17.47, 845.05, 2330201
1, pcs, 101458278792919.73, 18.07, 845.05, 2425411
1, pcs, 101451412047858.74, 18.67, 845.05, 2516101
1, pcs, 101451522764564.05, 19.27, 845.05, 2614067
1, pcs, 101458162258089.68, 19.87, 845.05, 2713596
1, pcs, 101454576540200.18, 20.47, 845.05, 2814740
1, pcs, 101443625706312.55, 21.07, 845.05, 2922929
1, pcs, 101446549855626.48, 21.67, 845.05, 3022371
1, pcs, 101425592003485.58, 22.27, 845.05, 3131124
1, pcs, 101418508965471.92, 22.87, 845.05, 3234005
1, pcs, 101425694067176.27, 23.47, 845.05, 3338892
1, pcs, 101427602960883.45, 24.07, 845.05, 3438143
1, pcs, 101415227847090.54, 24.67, 845.05, 3540240
1, pcs, 101426550901895.98, 25.27, 845.05, 3646298
1, pcs, 101425796133845.85, 25.87, 845.05, 3759499
1, pcs, 101431688043053.83, 26.47, 845.05, 3863542
1, pcs, 101455942973080.36, 27.07, 845.05, 3972155
1, pcs, 101453683850216.08, 27.67, 845.05, 4076640
1, pcs, 101457974084565.05, 28.27, 845.05, 4184525
1, pcs, 101452717250319.80, 28.87, 845.05, 4288929
1, pcs, 101476489874169.03, 29.47, 845.05, 4388395
1, pcs, 101477739723995.49, 30.07, 845.05, 4490493
1, pcs, 101472398458575.22, 30.67, 845.05, 4597514
1, pcs, 101462256114412.25, 31.27, 845.05, 4703253
1, pcs, 101479819387371.69, 31.87, 845.05, 4811767
1, pcs, 101485358078747.49, 32.48, 845.05, 4926932
1, pcs, 101485344621946.18, 33.09, 845.05, 5030412
1, pcs, 101490123646980.41, 33.70, 845.05, 5132493
1, pcs, 101487364310924.34, 34.31, 845.05, 5244940
1, pcs, 101475950074193.99, 34.92, 845.05, 5353191
1, pcs, 101473954682280.35, 35.53, 845.05, 5464903
1, pcs, 101475140930660.43, 36.14, 845.05, 5565773
1, pcs, 101481261845339.00, 36.75, 845.05, 5669378
1, pcs, 101480381372444.29, 37.36, 845.05, 5771508
1, pcs, 101479954011271.92, 37.97, 845.05, 5880723
1, pcs, 101480965495792.37, 38.58, 845.05, 5987424
1, pcs, 101469180921998.35, 39.19, 845.05, 6100024
1, pcs, 101465074175901.67, 39.80, 845.05, 6208307
1, pcs, 101465443746114.28, 40.41, 845.05, 6312207
1, pcs, 101461810961176.84, 41.02, 845.05, 6413826
1, pcs, 101452111687435.61, 41.63, 845.05, 6528695
1, pcs, 101461853856268.56, 42.24, 845.05, 6637228
1, pcs, 101461399684804.70, 42.85, 845.05, 6750840
1, pcs, 101458005715865.90, 43.46, 845.05, 6850622
1, pcs, 101457711166096.21, 44.07, 845.05, 6963332
1, pcs, 101460583062779.18, 44.68, 845.05, 7074123
1, pcs, 101459764730760.13, 45.29, 845.05, 7194292
1, pcs, 101454635934265.16, 45.90, 845.05, 7302943
1, pcs, 101458776231130.41, 46.51, 845.05, 7419461
1, pcs, 101452499730955.73, 47.12, 845.05, 7526314
1, pcs, 101450243580447.89, 47.73, 845.05, 7646895
1, pcs, 101454990776567.55, 48.34, 845.05, 7753331
1, pcs, 101452142165769.66, 48.95, 845.05, 7874861
1, pcs, 101459384679279.47, 49.56, 845.05, 7987936
1, pcs, 101455037825185.99, 50.17, 845.05, 8094681
1, pcs, 101452181996461.27, 50.78, 845.05, 8205881
1, pcs, 101450055264739.74, 51.39, 845.05, 8316545
1, pcs, 101451560309658.71, 52.00, 845.05, 8429130
1, pcs, 101457737655872.60, 52.61, 845.05, 8533782
1, pcs, 101455478953321.94, 53.22, 845.05, 8640779
1, pcs, 101451003015077.35, 53.83, 845.05, 8752982
1, pcs, 101445999030041.68, 54.44, 845.05, 8868255
1, pcs, 101447614614673.24, 55.05, 845.05, 8977369
1, pcs, 101452888160829.96, 55.66, 845.05, 9085299
1, pcs, 101452866252224.77, 56.27, 845.05, 9183680
1, pcs, 101451733477487.15, 56.88, 845.05, 9296461
1, pcs, 101456455086451.58, 57.49, 845.05, 9408697
1, pcs, 101462798253453.99, 58.10, 845.05, 9511147
1, pcs, 101460225840387.18, 58.71, 845.05, 9614996
1, pcs, 101456314806575.28, 59.32, 845.05, 9714785
1, pcs, 101456656722174.59, 59.93, 845.05, 9823888
2, pcs, 100467649054524.82, 0.01, 0.00, 4244
2, pcs, 101079728338028.28, 0.62, 0.00, 108666
2, pcs, 101338806802200.64, 1.23, 0.00, 214169
2, pcs, 101417249003868.33, 1.84, 0.00, 317893
2, pcs, 101520085102494.36, 2.45, 0.00, 432838
2, pcs, 101595439224293.48, 3.06, 0.00, 538026
2, pcs, 101469637681280.36, 3.67, 0.00, 637856
2, pcs, 101497481192730.61, 4.27, 0.00, 732161
2, pcs, 101490887572024.93, 4.87, 0.00, 837136
2, pcs, 101496771429297.94, 5.47, 0.00, 937705
2, pcs, 101496089785685.95, 6.07, 0.00, 1024074
2, pcs, 101498907484180.68, 6.67, 0.00, 1106141
2, pcs, 101457753911148.03, 7.27, 0.00, 1186704
2, pcs, 101452906443543.90, 7.87, 0.00, 1269449
2, pcs, 101457059901817.46, 8.47, 0.00, 1348563
2, pcs, 101457516925295.97, 9.07, 0.00, 1430304
2, pcs, 101470390387854.91, 9.67, 0.00, 1514022
2, pcs, 101473139450396.92, 10.27, 0.00, 1602958
2, pcs, 101486837420199.72, 10.87, 0.00, 1690278
2, pcs, 101477288591458.98, 11.47, 0.00, 1788893
2, pcs, 101457416717850.98, 12.07, 0.00, 1881824
2, pcs, 101449460685538.67, 12.67, 0.00, 1979533
2, pcs, 101445551887873.80, 13.27, 0.00, 2079898
2, pcs, 101462883209591.49, 13.87, 0.00, 2188985
2, pcs, 101461734676650.80, 14.47, 0.00, 2288544
2, pcs, 101442338737725.42, 15.07, 0.00, 2399283
2, pcs, 101435859914376.53, 15.67, 0.00, 2503858
2, pcs, 101418138200225.16, 16.27, 0.00, 2606073
2, pcs, 101451639273280.14, 16.87, 0.00, 2711884
2, pcs, 101437968959085.07, 17.47, 0.00, 2814979
2, pcs, 101444969800618.90, 18.07, 0.00, 2911948
2, pcs, 101452658070543.27, 18.67, 0.00, 3029744
2, pcs, 101463083677186.49, 19.27, 0.00, 3140242
2, pcs, 101482137020588.74, 19.87, 0.00, 3245581
2, pcs, 101481793251690.89, 20.47, 0.00, 3350778
2, pcs, 101491619398815.34, 21.07, 0.00, 3457826
2, pcs, 101494824443004.67, 21.67, 0.00, 3563879
2, pcs, 101501402867377.50, 22.27, 0.00, 3670345
2, pcs, 101490447737223.06, 22.87, 0.00, 3778988
2, pcs, 101493718866132.37, 23.47, 0.00, 3883409
2, pcs, 101498257111332.06, 24.07, 0.00, 3986233
2, pcs, 101510251339903.29, 24.67, 0.00, 4102048
2, pcs, 101511875839112.83, 25.27, 0.00, 4212631
2, pcs, 101508609500418.50, 25.87, 0.00, 4321899
2, pcs, 101526940771261.99, 26.47, 0.00, 4426347
2, pcs, 101541731556878.38, 27.07, 0.00, 4538242
2, pcs, 101536078485186.50, 27.67, 0.00, 4639649
2, pcs, 101534125949943.19, 28.27, 0.00, 4743506
2, pcs, 101541462852914.19, 28.87, 0.00, 4853670
2, pcs, 101542418622517.68, 29.47, 0.00, 4962131
2, pcs, 101536231311939.56, 30.07, 0.00, 5072514
2, pcs, 101539693028044.26, 30.67, 0.00, 5172747
2, pcs, 101528715408101.60, 31.27, 0.00, 5292000
2, pcs, 101527539689082.56, 31.87, 0.00, 5389847
2, pcs, 101519754035401.70, 32.48, 0.00, 5496040
2, pcs, 101518589476536.77, 33.09, 0.00, 5602638
2, pcs, 101519474181896.81, 33.70, 0.00, 5709875
2, pcs, 101509445186942.79, 34.31, 0.00, 5827062
2, pcs, 101503389902611.44, 34.92, 0.00, 5930850
2, pcs, 101487931603922.94, 35.53, 0.00, 6055535
2, pcs, 101493665134741.16, 36.14, 0.00, 6164378
2, pcs, 101498468302677.91, 36.75, 0.00, 6276786
2, pcs, 101493661045493.96, 37.36, 0.00, 6382865
2, pcs, 101491353560403.89, 37.97, 0.00, 6494040
2, pcs, 101504204852730.81, 38.58, 0.00, 6609657
2, pcs, 101500288972127.48, 39.19, 0.00, 6720459
2, pcs, 101503450091371.38, 39.80, 0.00, 6837220
2, pcs, 101501661155737.72, 40.41, 0.00, 6951168
2, pcs, 101506921695160.14, 41.02, 0.00, 7060086
2, pcs, 101499486848051.24, 41.63, 0.00, 7173608
2, pcs, 101501306485005.24, 42.24, 0.00, 7285712
2, pcs, 101513829829050.37, 42.85, 0.00, 7404283
2, pcs, 101522358209446.29, 43.46, 0.00, 7526249
2, pcs, 101524741573362.06, 44.07, 0.00, 7631111
2, pcs, 101524720706424.39, 44.68, 0.00, 7749635
2, pcs, 101520380049672.89, 45.29, 0.00, 7863766
2, pcs, 101519224597322.63, 45.90, 0.00, 7973934
2, pcs, 101513636934218.65, 46.51, 0.00, 8077780
2, pcs, 101510793638041.47, 47.12, 0.00, 8193085
2, pcs, 101505066673550.90, 47.73, 0.00, 8299893
2, pcs, 101505871837224.28, 48.34, 0.00, 8412089
2, pcs, 101511199118634.84, 48.95, 0.00, 8513302
2, pcs, 101506672858083.37, 49.56, 0.00, 8611524
2, pcs, 101510925671965.74, 50.17, 0.00, 8729151
2, pcs, 101510599970393.74, 50.78, 0.00, 8832043
2, pcs, 101507999934702.14, 51.39, 0.00, 8933223
2, pcs, 101505716862795.79, 52.00, 0.00, 9039673
2, pcs, 101507400930000.23, 52.61, 0.00, 9150028
2, pcs, 101511743112476.22, 53.22, 0.00, 9255580
2, pcs, 101509755675078.03, 53.83, 0.00, 9364040
2, pcs, 101506603312693.38, 54.44, 0.00, 9466111
2, pcs, 101505786238733.61, 55.05, 0.00, 9576150
2, pcs, 101508417353853.11, 55.66, 0.00, 9671384
2, pcs, 101502126094562.40, 56.27, 0.00, 9776657
2, pcs, 101497667472542.31, 56.88, 0.00, 9877118
2, pcs, 101501750952796.76, 57.49, 0.00, 9979877
2, pcs, 101498533588052.61, 58.10, 0.00, 10083033
2, pcs, 101497371730619.80, 58.71, 0.00, 10182250
2, pcs, 101499765938131.31, 59.32, 0.00, 10269871
2, pcs, 101500142458543.86, 59.93, 0.00, 10354478
3, pcs, 105914591665264.05, 0.01, 0.00, 1623
3, pcs, 101900318897872.63, 0.62, 0.00, 84554
3, pcs, 101296549257440.02, 1.23, 0.00, 158008
3, pcs, 101351557910593.94, 1.84, 0.00, 239194
3, pcs, 101446028732133.79, 2.45, 0.00, 316959
3, pcs, 101495482648943.51, 3.06, 0.00, 405442
3, pcs, 101530198268590.67, 3.67, 0.00, 494877
3, pcs, 101554860062831.49, 4.27, 0.00, 590570
3, pcs, 101617963186437.06, 4.87, 0.00, 680478
3, pcs, 101537384202327.21, 5.47, 0.00, 772260
3, pcs, 101543769687025.36, 6.07, 0.00, 868757
3, pcs, 101525271404975.68, 6.67, 0.00, 969516
3, pcs, 101536741499336.51, 7.27, 0.00, 1067622
3, pcs, 101498114797506.59, 7.87, 0.00, 1169913
3, pcs, 101470311860308.39, 8.47, 0.00, 1270052
3, pcs, 101474191587907.71, 9.07, 0.00, 1385238
3, pcs, 101446667554160.41, 9.67, 0.00, 1486464
3, pcs, 101488377854305.77, 10.27, 0.00, 1595005
3, pcs, 101483191027927.01, 10.87, 0.00, 1702525
3, pcs, 101494522799642.93, 11.47, 0.00, 1808198
3, pcs, 101479994207196.19, 12.07, 0.00, 1911089
3, pcs, 101466713700187.91, 12.67, 0.00, 2019122
3, pcs, 101450703530634.95, 13.27, 0.00, 2144347
3, pcs, 101478720853733.10, 13.87, 0.00, 2255137
3, pcs, 101470813500888.57, 14.47, 0.00, 2360597
3, pcs, 101480877916732.04, 15.07, 0.00, 2464448
3, pcs, 101470124455377.15, 15.67, 0.00, 2569953
3, pcs, 101469389300156.66, 16.27, 0.00, 2674304
3, pcs, 101471543449055.11, 16.87, 0.00, 2787034
3, pcs, 101476085644066.26, 17.47, 0.00, 2884884
3, pcs, 101473517978149.44, 18.07, 0.00, 2987047
3, pcs, 101462088241828.52, 18.67, 0.00, 3102833
3, pcs, 101462435655807.00, 19.27, 0.00, 3208440
3, pcs, 101473440374905.46, 19.87, 0.00, 3308751
3, pcs, 101465670269514.80, 20.47, 0.00, 3418686
3, pcs, 101456533060215.36, 21.07, 0.00, 3520351
3, pcs, 101456288747900.59, 21.67, 0.00, 3628581
3, pcs, 101484517520597.77, 22.27, 0.00, 3738113
3, pcs, 101482414901100.23, 22.87, 0.00, 3845264
3, pcs, 101498148938707.44, 23.47, 0.00, 3951894
3, pcs, 101500620908549.01, 24.07, 0.00, 4058299
3, pcs, 101503138961504.26, 24.67, 0.00, 4166731
3, pcs, 101511489043545.11, 25.27, 0.00, 4287184
3, pcs, 101507656000755.83, 25.87, 0.00, 4389301
3, pcs, 101500451107501.90, 26.47, 0.00, 4490519
3, pcs, 101486139344035.43, 27.07, 0.00, 4602357
3, pcs, 101492106955564.53, 27.67, 0.00, 4709712
3, pcs, 101489185601802.39, 28.27, 0.00, 4817666
3, pcs, 101486456839072.68, 28.87, 0.00, 4930200
3, pcs, 101487289616237.84, 29.47, 0.00, 5040931
3, pcs, 101478385164968.77, 30.07, 0.00, 5149569
3, pcs, 101472597233357.80, 30.67, 0.00, 5266057
3, pcs, 101459983230679.33, 31.27, 0.00, 5376715
3, pcs, 101461099689872.04, 31.87, 0.00, 5488750
3, pcs, 101461217960625.72, 32.48, 0.00, 5594614
3, pcs, 101453437222611.90, 33.09, 0.00, 5706821
3, pcs, 101459381064105.05, 33.70, 0.00, 5812391
3, pcs, 101451907195322.09, 34.31, 0.00, 5925422
3, pcs, 101459516599889.15, 34.92, 0.00, 6040334
3, pcs, 101453628932868.54, 35.53, 0.00, 6157367
3, pcs, 101461265526343.77, 36.14, 0.00, 6258903
3, pcs, 101462151977924.39, 36.75, 0.00, 6377030
3, pcs, 101457989898913.39, 37.36, 0.00, 6482500
3, pcs, 101456046624109.69, 37.97, 0.00, 6590599
3, pcs, 101442797089214.51, 38.58, 0.00, 6701141
3, pcs, 101435071955962.47, 39.19, 0.00, 6811270
3, pcs, 101443776877437.44, 39.80, 0.00, 6916318
3, pcs, 101450380431276.95, 40.41, 0.00, 7036327
3, pcs, 101464526068714.22, 41.02, 0.00, 7149565
3, pcs, 101461888840054.61, 41.63, 0.00, 7269938
3, pcs, 101460198396593.75, 42.24, 0.00, 7378121
3, pcs, 101464510904440.35, 42.85, 0.00, 7485428
3, pcs, 101464381932663.69, 43.46, 0.00, 7591675
3, pcs, 101462206647263.80, 44.07, 0.00, 7696804
3, pcs, 101466257486563.17, 44.68, 0.00, 7808416
3, pcs, 101463923095420.59, 45.29, 0.00, 7917719
3, pcs, 101466080009855.80, 45.90, 0.00, 8025005
3, pcs, 101464760634191.06, 46.51, 0.00, 8143304
3, pcs, 101462946754799.80, 47.12, 0.00, 8246762
3, pcs, 101469171112984.83, 47.73, 0.00, 8343083
3, pcs, 101470090792198.38, 48.34, 0.00, 8449735
3, pcs, 101473370357355.98, 48.95, 0.00, 8545192
3, pcs, 101470092133440.98, 49.56, 0.00, 8645856
3, pcs, 101468701984524.70, 50.17, 0.00, 8748019
3, pcs, 101476391273934.03, 50.78, 0.00, 8860517
3, pcs, 101472379458734.54, 51.39, 0.00, 8957067
3, pcs, 101475973138146.28, 52.00, 0.00, 9062095
3, pcs, 101478070884177.82, 52.61, 0.00, 9153347
3, pcs, 101476293538851.42, 53.22, 0.00, 9241590
3, pcs, 101471157775675.61, 53.83, 0.00, 9327310
3, pcs, 101474502134780.75, 54.44, 0.00, 9405604
3, pcs, 101475970100453.38, 55.05, 0.00, 9486304
3, pcs, 101487200223884.57, 55.66, 0.00, 9569229
3, pcs, 101484319324075.97, 56.27, 0.00, 9653112
3, pcs, 101481081976817.63, 56.88, 0.00, 9741151
3, pcs, 101486851209216.28, 57.49, 0.00, 9845650
3, pcs, 101486384810007.53, 58.10, 0.00, 9935687
3, pcs, 101481428239724.37, 58.71, 0.00, 10027476
3, pcs, 101480867926696.37, 59.32, 0.00, 10122404
3, pcs, 101478375995496.73, 59.93, 0.00, 10220872
4, pcs, 103015269542099.50, 0.01, 0.00, 876
4, pcs, 101215573434644.55, 0.62, 0.00, 101344
4, pcs, 101355934508259.22, 1.23, 0.00, 196976
4, pcs, 101377378460482.88, 1.84, 0.00, 301128
4, pcs, 101312965472563.54, 2.45, 0.00, 414498
4, pcs, 101243648631475.29, 3.06, 0.00, 523100
4, pcs, 101334022247858.02, 3.67, 0.00, 636560
4, pcs, 101364256975155.56, 4.27, 0.00, 743406
4, pcs, 101396523645832.41, 4.87, 0.00, 856559
4, pcs, 101385029254947.43, 5.47, 0.00, 961867
4, pcs, 101336750954864.06, 6.07, 0.00, 1069278
4, pcs, 101361398807056.82, 6.67, 0.00, 1176153
4, pcs, 101337877601083.58, 7.27, 0.00, 1283856
4, pcs, 101331876150078.19, 7.87, 0.00, 1392465
4, pcs, 101316603637688.39, 8.47, 0.00, 1505957
4, pcs, 101337651257065.13, 9.07, 0.00, 1610712
4, pcs, 101302296726296.95, 9.67, 0.00, 1722312
4, pcs, 101301736075313.50, 10.27, 0.00, 1823174
4, pcs, 101323956326551.56, 10.87, 0.00, 1930251
4, pcs, 101341546834613.73, 11.47, 0.00, 2035758
4, pcs, 101353068347738.91, 12.07, 0.00, 2137493
4, pcs, 101395642426879.98, 12.67, 0.00, 2251567
4, pcs, 101407302446323.52, 13.27, 0.00, 2360028
4, pcs, 101400592331486.60, 13.87, 0.00, 2464370
4, pcs, 101419615225239.24, 14.47, 0.00, 2574760
4, pcs, 101431368574732.47, 15.07, 0.00, 2682632
4, pcs, 101427313814768.26, 15.67, 0.00, 2786152
4, pcs, 101444604582686.50, 16.27, 0.00, 2895210
4, pcs, 101463613873920.45, 16.87, 0.00, 3003869
4, pcs, 101459885625195.12, 17.47, 0.00, 3103113
4, pcs, 101460142514385.75, 18.07, 0.00, 3212715
4, pcs, 101448658234489.99, 18.67, 0.00, 3318514
4, pcs, 101447211862024.67, 19.27, 0.00, 3423072
4, pcs, 101441844604039.95, 19.87, 0.00, 3541120
4, pcs, 101438357901320.60, 20.47, 0.00, 3643438
4, pcs, 101449401913281.47, 21.07, 0.00, 3749370
4, pcs, 101442933168840.69, 21.67, 0.00, 3856674
4, pcs, 101463362518779.71, 22.27, 0.00, 3968515
4, pcs, 101469669188579.23, 22.87, 0.00, 4078268
4, pcs, 101468341972302.80, 23.47, 0.00, 4183487
4, pcs, 101477583942552.83, 24.07, 0.00, 4288749
4, pcs, 101479809806576.08, 24.67, 0.00, 4390494
4, pcs, 101479291136906.71, 25.27, 0.00, 4497591
4, pcs, 101469905160436.19, 25.87, 0.00, 4604808
4, pcs, 101463365314665.28, 26.47, 0.00, 4720546
4, pcs, 101471810132737.82, 27.07, 0.00, 4829220
4, pcs, 101467935885567.56, 27.67, 0.00, 4942074
4, pcs, 101474204878493.54, 28.27, 0.00, 5051009
4, pcs, 101471613574632.59, 28.87, 0.00, 5159917
4, pcs, 101469935895721.15, 29.47, 0.00, 5267592
4, pcs, 101451937600010.92, 30.07, 0.00, 5386496
4, pcs, 101447969039509.98, 30.67, 0.00, 5491427
4, pcs, 101459417465226.90, 31.27, 0.00, 5609166
4, pcs, 101471650917300.73, 31.87, 0.00, 5722056
4, pcs, 101470884040271.70, 32.48, 0.00, 5829361
4, pcs, 101466905913648.06, 33.09, 0.00, 5938241
4, pcs, 101464732793524.88, 33.70, 0.00, 6045074
4, pcs, 101463417822001.99, 34.31, 0.00, 6151951
4, pcs, 101453085714892.05, 34.92, 0.00, 6262554
4, pcs, 101460705504409.11, 35.53, 0.00, 6374663
4, pcs, 101462734494898.57, 36.14, 0.00, 6488976
4, pcs, 101462651971860.01, 36.75, 0.00, 6601515
4, pcs, 101477863379778.29, 37.36, 0.00, 6708045
4, pcs, 101471962718388.47, 37.97, 0.00, 6813693
4, pcs, 101472991654038.00, 38.58, 0.00, 6922326
4, pcs, 101478478164988.95, 39.19, 0.00, 7036139
4, pcs, 101491331619416.66, 39.80, 0.00, 7150463
4, pcs, 101489836621270.79, 40.41, 0.00, 7261113
4, pcs, 101487928209176.97, 41.02, 0.00, 7368587
4, pcs, 101496756167728.98, 41.63, 0.00, 7473704
4, pcs, 101499866418957.43, 42.24, 0.00, 7572341
4, pcs, 101492527611576.92, 42.85, 0.00, 7681332
4, pcs, 101497421616159.68, 43.46, 0.00, 7783199
4, pcs, 101498903224824.70, 44.07, 0.00, 7882830
4, pcs, 101496474041833.51, 44.68, 0.00, 7985209
4, pcs, 101495795396984.47, 45.29, 0.00, 8086898
4, pcs, 101497854414858.25, 45.90, 0.00, 8181385
4, pcs, 101498160436628.14, 46.51, 0.00, 8272665
4, pcs, 101487132514424.20, 47.12, 0.00, 8357749
4, pcs, 101493671036628.50, 47.73, 0.00, 8434620
4, pcs, 101498112413684.80, 48.34, 0.00, 8518740
4, pcs, 101503389354211.73, 48.95, 0.00, 8597091
4, pcs, 101506789929086.00, 49.56, 0.00, 8675128
4, pcs, 101508983726924.61, 50.17, 0.00, 8765463
4, pcs, 101508005028434.14, 50.78, 0.00, 8852412
4, pcs, 101508636834927.96, 51.39, 0.00, 8945469
4, pcs, 101509114010621.47, 52.00, 0.00, 9044028
4, pcs, 101509132850218.08, 52.61, 0.00, 9139549
4, pcs, 101504834529120.23, 53.22, 0.00, 9243992
4, pcs, 101508613551265.67, 53.83, 0.00, 9342046
4, pcs, 101502752649002.71, 54.44, 0.00, 9449105
4, pcs, 101509565112038.44, 55.05, 0.00, 9554981
4, pcs, 101510089985911.00, 55.66, 0.00, 9663354
4, pcs, 101514907291859.21, 56.27, 0.00, 9773166
4, pcs, 101508058004956.53, 56.88, 0.00, 9886142
4, pcs, 101503083023648.84, 57.49, 0.00, 9995173
4, pcs, 101507965407402.21, 58.10, 0.00, 10095077
4, pcs, 101509007688518.60, 58.71, 0.00, 10209869
4, pcs, 101512287455947.06, 59.32, 0.00, 10312310
4, pcs, 101518510785857.84, 59.93, 0.00, 10423832
5, pcs, 99451183856754.81, 0.01, 0.00, 1108
5, pcs, 101751268038971.68, 0.62, 0.00, 106647
5, pcs, 101785037571175.47, 1.23, 0.00, 212462
5, pcs, 101814827364321.60, 1.84, 0.00, 311819
5, pcs, 101834212907616.71, 2.45, 0.00, 425425
5, pcs, 101684620751965.94, 3.06, 0.00, 531659
5, pcs, 101741533959490.01, 3.67, 0.00, 631997
5, pcs, 101697858570625.32, 4.27, 0.00, 731697
5, pcs, 101715947382421.67, 4.87, 0.00, 843013
5, pcs, 101651832821312.13, 5.47, 0.00, 940759
5, pcs, 101624381362556.12, 6.07, 0.00, 1044271
5, pcs, 101623300937948.18, 6.67, 0.00, 1150705
5, pcs, 101648833747771.44, 7.27, 0.00, 1258841
5, pcs, 101645930363647.54, 7.87, 0.00, 1367652
5, pcs, 101615195490360.34, 8.47, 0.00, 1474303
5, pcs, 101612229623904.89, 9.07, 0.00, 1582922
5, pcs, 101612539312703.44, 9.67, 0.00, 1680580
5, pcs, 101584324862222.96, 10.27, 0.00, 1778586
5, pcs, 101591156616139.69, 10.87, 0.00, 1884005
5, pcs, 101616625576869.07, 11.47, 0.00, 1988771
5, pcs, 101603987514996.41, 12.07, 0.00, 2095788
5, pcs, 101581308525536.59, 12.67, 0.00, 2203143
5, pcs, 101562496590572.89, 13.27, 0.00, 2304405
5, pcs, 101521225673342.03, 13.87, 0.00, 2416876
5, pcs, 101521448067129.38, 14.47, 0.00, 2527221
5, pcs, 101524551179392.87, 15.07, 0.00, 2623326
5, pcs, 101539540476815.18, 15.67, 0.00, 2726059
5, pcs, 101527782580777.80, 16.27, 0.00, 2833341
5, pcs, 101537455467184.15, 16.87, 0.00, 2939488
5, pcs, 101515542300799.31, 17.47, 0.00, 3043939
5, pcs, 101507971490818.48, 18.07, 0.00, 3142126
5, pcs, 101516869653067.84, 18.67, 0.00, 3255188
5, pcs, 101525513281014.26, 19.27, 0.00, 3373245
5, pcs, 101528701241930.49, 19.87, 0.00, 3490078
5, pcs, 101518602778632.56, 20.47, 0.00, 3602401
5, pcs, 101522865201117.24, 21.07, 0.00, 3708081
5, pcs, 101526067561961.99, 21.67, 0.00, 3820985
5, pcs, 101528610290415.28, 22.27, 0.00, 3939558
5, pcs, 101518978321007.28, 22.87, 0.00, 4049357
5, pcs, 101508768030166.07, 23.47, 0.00, 4155384
5, pcs, 101509811061835.03, 24.07, 0.00, 4267160
5, pcs, 101513208802234.13, 24.67, 0.00, 4385080
5, pcs, 101517357290045.12, 25.27, 0.00, 4507424
5, pcs, 101518355255007.06, 25.87, 0.00, 4616849
5, pcs, 101523036970290.18, 26.47, 0.00, 4729665
5, pcs, 101533508148560.23, 27.07, 0.00, 4832756
5, pcs, 101520020978041.64, 27.67, 0.00, 4938060
5, pcs, 101510185727569.42, 28.27, 0.00, 5057023
5, pcs, 101505064061966.84, 28.87, 0.00, 5159405
5, pcs, 101493254036416.77, 29.47, 0.00, 5274032
5, pcs, 101488656442138.58, 30.07, 0.00, 5376844
5, pcs, 101486928631702.87, 30.67, 0.00, 5485817
5, pcs, 101490606713164.52, 31.27, 0.00, 5587563
5, pcs, 101498947438764.57, 31.87, 0.00, 5693344
5, pcs, 101488570581799.43, 32.48, 0.00, 5800040
5, pcs, 101492405379281.07, 33.09, 0.00, 5904333
5, pcs, 101497815121443.08, 33.70, 0.00, 6020042
5, pcs, 101492850780235.16, 34.31, 0.00, 6127303
5, pcs, 101494299485052.16, 34.92, 0.00, 6233168
5, pcs, 101499728757623.37, 35.53, 0.00, 6344109
5, pcs, 101500474169804.22, 36.14, 0.00, 6446283
5, pcs, 101505921484431.71, 36.75, 0.00, 6547238
5, pcs, 101508610697976.66, 37.36, 0.00, 6656149
5, pcs, 101496829735760.77, 37.97, 0.00, 6752321
5, pcs, 101495467759014.18, 38.58, 0.00, 6858116
5, pcs, 101501942505963.16, 39.19, 0.00, 6951343
5, pcs, 101499305140399.79, 39.80, 0.00, 7051053
5, pcs, 101504263308941.92, 40.41, 0.00, 7137414
5, pcs, 101500921228859.28, 41.02, 0.00, 7222650
5, pcs, 101494377379202.04, 41.63, 0.00, 7300584
5, pcs, 101500403114490.83, 42.24, 0.00, 7383463
5, pcs, 101499809772628.35, 42.85, 0.00, 7465658
5, pcs, 101492811523427.72, 43.46, 0.00, 7547448
5, pcs, 101488055665809.21, 44.07, 0.00, 7635609
5, pcs, 101495999189497.50, 44.68, 0.00, 7730967
5, pcs, 101486091331881.30, 45.29, 0.00, 7829824
5, pcs, 101484736064956.32, 45.90, 0.00, 7926528
5, pcs, 101483020594076.08, 46.51, 0.00, 8025661
5, pcs, 101481983642867.80, 47.12, 0.00, 8128588
5, pcs, 101492647209865.09, 47.73, 0.00, 8225487
5, pcs, 101487264771859.66, 48.34, 0.00, 8328228
5, pcs, 101480421726422.94, 48.95, 0.00, 8435024
5, pcs, 101485026770468.52, 49.56, 0.00, 8546933
5, pcs, 101485049935207.48, 50.17, 0.00, 8660320
5, pcs, 101485306667589.21, 50.78, 0.00, 8771106
5, pcs, 101490481987521.91, 51.39, 0.00, 8874862
5, pcs, 101494397564862.16, 52.00, 0.00, 8978920
5, pcs, 101499710558480.09, 52.61, 0.00, 9081709
5, pcs, 101508733909159.24, 53.22, 0.00, 9183875
5, pcs, 101504214704255.51, 53.83, 0.00, 9293933
5, pcs, 101503908190342.49, 54.44, 0.00, 9401773
5, pcs, 101504934267479.03, 55.05, 0.00, 9512581
5, pcs, 101499693613335.05, 55.66, 0.00, 9630977
5, pcs, 101492578533845.13, 56.27, 0.00, 9744043
5, pcs, 101490829277706.43, 56.88, 0.00, 9857006
5, pcs, 101490876946696.59, 57.49, 0.00, 9964514
5, pcs, 101492818120734.89, 58.10, 0.00, 10068010
5, pcs, 101486608451350.54, 58.71, 0.00, 10180324
5, pcs, 101494707774225.81, 59.32, 0.00, 10288643
5, pcs, 101498127769787.32, 59.93, 0.00, 10403346
6, pcs, 100911336153010.56, 0.01, 0.00, 1846
6, pcs, 101617148227580.97, 0.62, 0.00, 110082
6, pcs, 101444430074678.50, 1.23, 0.00, 237731
6, pcs, 101385338763391.70, 1.84, 0.00, 347288
6, pcs, 101399764287994.31, 2.45, 0.00, 456598
6, pcs, 101457452969849.03, 3.06, 0.00, 563891
6, pcs, 101576613618795.53, 3.67, 0.00, 669208
6, pcs, 101650033514392.11, 4.27, 0.00, 779159
6, pcs, 101633270662561.84, 4.87, 0.00, 881968
6, pcs, 101677142510803.84, 5.47, 0.00, 982136
6, pcs, 101654906083020.79, 6.07, 0.00, 1082983
6, pcs, 101645533722110.09, 6.67, 0.00, 1193780
6, pcs, 101674506666695.28, 7.27, 0.00, 1294858
6, pcs, 101633753425209.75, 7.87, 0.00, 1398007
6, pcs, 101607228106131.13, 8.47, 0.00, 1505298
6, pcs, 101616466951710.13, 9.07, 0.00, 1613155
6, pcs, 101579583538331.83, 9.67, 0.00, 1722548
6, pcs, 101560634048136.36, 10.27, 0.00, 1833136
6, pcs, 101588642718630.64, 10.87, 0.00, 1938423
6, pcs, 101567869850612.55, 11.47, 0.00, 2046648
6, pcs, 101573441517864.07, 12.07, 0.00, 2156793
6, pcs, 101557360602861.90, 12.67, 0.00, 2257491
6, pcs, 101546848220785.10, 13.27, 0.00, 2373055
6, pcs, 101563720831938.15, 13.87, 0.00, 2482136
6, pcs, 101565703806421.67, 14.47, 0.00, 2578763
6, pcs, 101560097526056.13, 15.07, 0.00, 2687617
6, pcs, 101582524860890.13, 15.67, 0.00, 2796184
6, pcs, 101575616492619.38, 16.27, 0.00, 2910217
6, pcs, 101571856360772.31, 16.87, 0.00, 3017119
6, pcs, 101578163179447.11, 17.47, 0.00, 3125946
6, pcs, 101586370456201.17, 18.07, 0.00, 3242550
6, pcs, 101591626038666.79, 18.67, 0.00, 3354595
6, pcs, 101590248275943.02, 19.27, 0.00, 3460671
6, pcs, 101592120652860.97, 19.87, 0.00, 3570915
6, pcs, 101607404859398.00, 20.47, 0.00, 3674137
6, pcs, 101596766122147.29, 21.07, 0.00, 3785288
6, pcs, 101602827659587.87, 21.67, 0.00, 3895662
6, pcs, 101585449394540.58, 22.27, 0.00, 4001213
6, pcs, 101587109811863.43, 22.87, 0.00, 4110198
6, pcs, 101580736585153.26, 23.47, 0.00, 4214715
6, pcs, 101571701783914.43, 24.07, 0.00, 4329081
6, pcs, 101567773754249.45, 24.67, 0.00, 4434672
6, pcs, 101550809065039.74, 25.27, 0.00, 4543143
6, pcs, 101544431738464.86, 25.87, 0.00, 4644949
6, pcs, 101541164076524.03, 26.47, 0.00, 4748096
6, pcs, 101536287254833.90, 27.07, 0.00, 4844582
6, pcs, 101519621172837.43, 27.67, 0.00, 4944576
6, pcs, 101516306893682.41, 28.27, 0.00, 5049714
6, pcs, 101512395574701.52, 28.87, 0.00, 5151443
6, pcs, 101511673030473.14, 29.47, 0.00, 5264960
6, pcs, 101517263571623.16, 30.07, 0.00, 5358197
6, pcs, 101513721072883.14, 30.67, 0.00, 5460349
6, pcs, 101509205205583.06, 31.27, 0.00, 5556711
6, pcs, 101501866015334.16, 31.87, 0.00, 5665256
6, pcs, 101507189218852.77, 32.48, 0.00, 5764332
6, pcs, 101501650898710.83, 33.09, 0.00, 5864489
6, pcs, 101500313571114.58, 33.70, 0.00, 5957718
6, pcs, 101494187260919.89, 34.31, 0.00, 6040490
6, pcs, 101500619543773.35, 34.92, 0.00, 6121719
6, pcs, 101496445973777.63, 35.53, 0.00, 6200466
6, pcs, 101500188559613.07, 36.14, 0.00, 6281109
6, pcs, 101496167104415.30, 36.75, 0.00, 6361851
6, pcs, 101504310763475.38, 37.36, 0.00, 6450272
6, pcs, 101491379063305.46, 37.97, 0.00, 6548791
6, pcs, 101490140909787.15, 38.58, 0.00, 6649639
6, pcs, 101491540555028.68, 39.19, 0.00, 6748986
6, pcs, 101504871230409.21, 39.80, 0.00, 6852327
6, pcs, 101504571041603.37, 40.41, 0.00, 6948665
6, pcs, 101498230960663.78, 41.02, 0.00, 7041839
6, pcs, 101501019266763.45, 41.63, 0.00, 7149312
6, pcs, 101501014948212.90, 42.24, 0.00, 7254019
6, pcs, 101497057432480.11, 42.85, 0.00, 7353742
6, pcs, 101497681780867.64, 43.46, 0.00, 7456407
6, pcs, 101500604622321.22, 44.07, 0.00, 7558767
6, pcs, 101496591584049.44, 44.68, 0.00, 7659679
6, pcs, 101497238063414.52, 45.29, 0.00, 7763198
6, pcs, 101492150584509.07, 45.90, 0.00, 7872015
6, pcs, 101492908075116.58, 46.51, 0.00, 7982637
6, pcs, 101495544272132.34, 47.12, 0.00, 8087222
6, pcs, 101493847086495.02, 47.73, 0.00, 8195189
6, pcs, 101494867097075.80, 48.34, 0.00, 8304471
6, pcs, 101493363931367.37, 48.95, 0.00, 8410664
6, pcs, 101488512951572.13, 49.56, 0.00, 8518412
6, pcs, 101487442665005.86, 50.17, 0.00, 8626809
6, pcs, 101491618740765.16, 50.78, 0.00, 8731847
6, pcs, 101484940095059.48, 51.39, 0.00, 8843966
6, pcs, 101487315533726.75, 52.00, 0.00, 8971249
6, pcs, 101492079476997.66, 52.61, 0.00, 9085217
6, pcs, 101494334457983.07, 53.22, 0.00, 9198988
6, pcs, 101494503244092.77, 53.83, 0.00, 9317119
6, pcs, 101494428339590.54, 54.44, 0.00, 9418516
6, pcs, 101493157452020.98, 55.05, 0.00, 9527623
6, pcs, 101487500941451.67, 55.66, 0.00, 9633757
6, pcs, 101482890659455.83, 56.27, 0.00, 9739903
6, pcs, 101488157230508.20, 56.88, 0.00, 9858413
6, pcs, 101486416751032.68, 57.49, 0.00, 9973245
6, pcs, 101485419019266.44, 58.10, 0.00, 10082425
6, pcs, 101483838597373.42, 58.71, 0.00, 10182266
6, pcs, 101483409620368.52, 59.32, 0.00, 10284956
6, pcs, 101481232419188.37, 59.93, 0.00, 10388187
7, pcs, 104447787492817.82, 0.01, 0.00, 2301
7, pcs, 101794789478109.84, 0.62, 0.00, 111966
7, pcs, 101536042561529.86, 1.23, 0.00, 228357
7, pcs, 101615247158898.45, 1.84, 0.00, 344580
7, pcs, 101573829555392.84, 2.45, 0.00, 449528
7, pcs, 101585002237184.90, 3.06, 0.00, 557362
7, pcs, 101559166917702.99, 3.67, 0.00, 667089
7, pcs, 101535669298613.25, 4.27, 0.00, 771366
7, pcs, 101519157940682.86, 4.87, 0.00, 876769
7, pcs, 101475840899853.13, 5.47, 0.00, 992664
7, pcs, 101562056135410.12, 6.07, 0.00, 1093482
7, pcs, 101538716726407.63, 6.67, 0.00, 1201899
7, pcs, 101573606174227.83, 7.27, 0.00, 1309907
7, pcs, 101557678656332.59, 7.87, 0.00, 1420766
7, pcs, 101600309728574.11, 8.47, 0.00, 1530092
7, pcs, 101568403643758.17, 9.07, 0.00, 1638106
7, pcs, 101567263556321.80, 9.67, 0.00, 1750042
7, pcs, 101538729129659.12, 10.27, 0.00, 1852757
7, pcs, 101543805759850.75, 10.87, 0.00, 1966552
7, pcs, 101530959276259.95, 11.47, 0.00, 2079958
7, pcs, 101516497405687.03, 12.07, 0.00, 2189328
7, pcs, 101490026794745.13, 12.67, 0.00, 2298256
7, pcs, 101489036195774.04, 13.27, 0.00, 2405441
7, pcs, 101475698208236.04, 13.87, 0.00, 2521733
7, pcs, 101471127311270.77, 14.47, 0.00, 2641529
7, pcs, 101462271993625.58, 15.07, 0.00, 2743367
7, pcs, 101478491291650.91, 15.67, 0.00, 2859779
7, pcs, 101464751988651.89, 16.27, 0.00, 2972988
7, pcs, 101468612660392.49, 16.87, 0.00, 3079364
7, pcs, 101465801938011.72, 17.47, 0.00, 3182377
7, pcs, 101471827170926.13, 18.07, 0.00, 3287661
7, pcs, 101481295565423.34, 18.67, 0.00, 3395844
7, pcs, 101473532005559.37, 19.27, 0.00, 3500800
7, pcs, 101489762020061.25, 19.87, 0.00, 3603619
7, pcs, 101481045485650.61, 20.47, 0.00, 3707666
7, pcs, 101487788157363.66, 21.07, 0.00, 3811900
7, pcs, 101499962072425.04, 21.67, 0.00, 3920212
7, pcs, 101498754787634.99, 22.27, 0.00, 4014678
7, pcs, 101491348605849.85, 22.87, 0.00, 4114435
7, pcs, 101476123133813.50, 23.47, 0.00, 4215400
7, pcs, 101470070969039.95, 24.07, 0.00, 4314343
7, pcs, 101470475565143.22, 24.67, 0.00, 4412466
7, pcs, 101479592320137.47, 25.27, 0.00, 4517091
7, pcs, 101477847167096.09, 25.87, 0.00, 4615016
7, pcs, 101463897017388.31, 26.47, 0.00, 4712000
7, pcs, 101447159069159.20, 27.07, 0.00, 4798354
7, pcs, 101442986882471.13, 27.67, 0.00, 4889693
7, pcs, 101450519667378.14, 28.27, 0.00, 4977794
7, pcs, 101449852599667.57, 28.87, 0.00, 5059285
7, pcs, 101447653705439.22, 29.47, 0.00, 5138959
7, pcs, 101433642685987.16, 30.07, 0.00, 5215992
7, pcs, 101444276350245.67, 30.67, 0.00, 5302330
7, pcs, 101440904241249.76, 31.27, 0.00, 5400252
7, pcs, 101439534182232.79, 31.87, 0.00, 5492883
7, pcs, 101440617210286.94, 32.48, 0.00, 5597941
7, pcs, 101440537607483.46, 33.09, 0.00, 5691399
7, pcs, 101444924305839.10, 33.70, 0.00, 5791847
7, pcs, 101440880477795.07, 34.31, 0.00, 5884342
7, pcs, 101438374268107.39, 34.92, 0.00, 5990018
7, pcs, 101445041565083.87, 35.53, 0.00, 6101256
7, pcs, 101456928913949.56, 36.14, 0.00, 6203942
7, pcs, 101456730741595.11, 36.75, 0.00, 6308862
7, pcs, 101456372585664.97, 37.36, 0.00, 6418736
7, pcs, 101453264233660.45, 37.97, 0.00, 6524258
7, pcs, 101456807357600.44, 38.58, 0.00, 6634732
7, pcs, 101463596348389.48, 39.19, 0.00, 6743222
7, pcs, 101463168646586.03, 39.80, 0.00, 6846398
7, pcs, 101463468502642.95, 40.41, 0.00, 6961860
7, pcs, 101468807931402.06, 41.02, 0.00, 7070438
7, pcs, 101459672692227.18, 41.63, 0.00, 7187382
7, pcs, 101461464425902.59, 42.24, 0.00, 7288685
7, pcs, 101465875596409.02, 42.85, 0.00, 7400393
7, pcs, 101463696378517.62, 43.46, 0.00, 7516322
7, pcs, 101463417105861.29, 44.07, 0.00, 7618955
7, pcs, 101462666045070.10, 44.68, 0.00, 7730219
7, pcs, 101471151611209.09, 45.29, 0.00, 7831274
7, pcs, 101485331144232.87, 45.90, 0.00, 7941246
7, pcs, 101483427436589.71, 46.51, 0.00, 8062535
7, pcs, 101487783326900.31, 47.12, 0.00, 8163556
7, pcs, 101481947686377.60, 47.73, 0.00, 8274693
7, pcs, 101476307976909.62, 48.34, 0.00, 8386597
7, pcs, 101477578517488.45, 48.95, 0.00, 8500790
7, pcs, 101469873216920.56, 49.56, 0.00, 8604590
7, pcs, 101473175197548.30, 50.17, 0.00, 8714299
7, pcs, 101480348073933.77, 50.78, 0.00, 8828506
7, pcs, 101474715543287.75, 51.39, 0.00, 8941761
7, pcs, 101470134831177.73, 52.00, 0.00, 9042660
7, pcs, 101460317062083.35, 52.61, 0.00, 9151910
7, pcs, 101462972945998.45, 53.22, 0.00, 9256533
7, pcs, 101465599887942.61, 53.83, 0.00, 9358812
7, pcs, 101464057736567.71, 54.44, 0.00, 9471052
7, pcs, 101467404112976.79, 55.05, 0.00, 9587484
7, pcs, 101463066294649.59, 55.66, 0.00, 9699899
7, pcs, 101465130761423.10, 56.27, 0.00, 9804674
7, pcs, 101466518345261.68, 56.88, 0.00, 9918480
7, pcs, 101464657603886.42, 57.49, 0.00, 10028731
7, pcs, 101466445340402.07, 58.10, 0.00, 10131790
7, pcs, 101465238840602.71, 58.71, 0.00, 10249062
7, pcs, 101468162873131.67, 59.32, 0.00, 10354264
7, pcs, 101467894204776.76, 59.93, 0.00, 10460779
8, pcs, 99818329009348.33, 0.01, 0.00, 4841
8, pcs, 101416038398597.21, 0.62, 0.00, 116163
8, pcs, 101404954107702.56, 1.23, 0.00, 229080
8, pcs, 101628495075947.83, 1.84, 0.00, 340650
8, pcs, 101494961830624.46, 2.45, 0.00, 444906
8, pcs, 101559959066525.36, 3.06, 0.00, 556652
8, pcs, 101573308462387.62, 3.67, 0.00, 684388
8, pcs, 101586016641918.48, 4.27, 0.00, 796720
8, pcs, 101566646105356.72, 4.87, 0.00, 910686
8, pcs, 101487064646144.07, 5.47, 0.00, 1025516
8, pcs, 101535429258538.73, 6.07, 0.00, 1140533
8, pcs, 101559626158526.26, 6.67, 0.00, 1251550
8, pcs, 101594930645548.09, 7.27, 0.00, 1360527
8, pcs, 101530871573340.76, 7.87, 0.00, 1477842
8, pcs, 101517080337097.05, 8.47, 0.00, 1588199
8, pcs, 101519548609390.55, 9.07, 0.00, 1690572
8, pcs, 101518643669772.77, 9.67, 0.00, 1798100
8, pcs, 101524407754865.24, 10.27, 0.00, 1904216
8, pcs, 101519958022064.60, 10.87, 0.00, 2010232
8, pcs, 101534151342780.90, 11.47, 0.00, 2116232
8, pcs, 101506506156602.98, 12.07, 0.00, 2224309
8, pcs, 101516271240514.38, 12.67, 0.00, 2328169
8, pcs, 101506820973723.11, 13.27, 0.00, 2436350
8, pcs, 101517977953523.58, 13.87, 0.00, 2541393
8, pcs, 101501329071637.53, 14.47, 0.00, 2644185
8, pcs, 101501065934507.80, 15.07, 0.00, 2744620
8, pcs, 101507927904381.84, 15.67, 0.00, 2845546
8, pcs, 101513706260939.31, 16.27, 0.00, 2942141
8, pcs, 101533927245375.96, 16.87, 0.00, 3045419
8, pcs, 101532733348582.30, 17.47, 0.00, 3143480
8, pcs, 101520455097497.23, 18.07, 0.00, 3243250
8, pcs, 101521505573338.75, 18.67, 0.00, 3339902
8, pcs, 101518347256820.91, 19.27, 0.00, 3437997
8, pcs, 101518801728042.40, 19.87, 0.00, 3532572
8, pcs, 101521185010365.72, 20.47, 0.00, 3619829
8, pcs, 101508401982545.46, 21.07, 0.00, 3702544
8, pcs, 101495592256889.12, 21.67, 0.00, 3784410
8, pcs, 101486773403489.37, 22.27, 0.00, 3862629
8, pcs, 101481416861275.46, 22.87, 0.00, 3942037
8, pcs, 101496713322175.17, 23.47, 0.00, 4022587
8, pcs, 101507673112502.16, 24.07, 0.00, 4113010
8, pcs, 101503894491086.26, 24.67, 0.00, 4215138
8, pcs, 101510036328002.53, 25.27, 0.00, 4310030
8, pcs, 101513500381300.38, 25.87, 0.00, 4399485
8, pcs, 101518121827732.66, 26.47, 0.00, 4496266
8, pcs, 101517344265365.27, 27.07, 0.00, 4592830
8, pcs, 101512418301403.47, 27.67, 0.00, 4690179
8, pcs, 101522540582457.67, 28.27, 0.00, 4797796
8, pcs, 101532750993828.41, 28.87, 0.00, 4904302
8, pcs, 101523770332834.41, 29.47, 0.00, 5012385
8, pcs, 101514635996665.15, 30.07, 0.00, 5111386
8, pcs, 101525186310223.10, 30.67, 0.00, 5211186
8, pcs, 101513904736032.64, 31.27, 0.00, 5321726
8, pcs, 101499363037611.80, 31.87, 0.00, 5435418
8, pcs, 101497654533858.08, 32.48, 0.00, 5547593
8, pcs, 101498612412181.30, 33.09, 0.00, 5658798
8, pcs, 101489840822650.08, 33.70, 0.00, 5763315
8, pcs, 101499310160692.88, 34.31, 0.00, 5874731
8, pcs, 101496800174808.00, 34.92, 0.00, 5977096
8, pcs, 101503879032752.09, 35.53, 0.00, 6089446
8, pcs, 101508472001716.55, 36.14, 0.00, 6207817
8, pcs, 101507419756797.75, 36.75, 0.00, 6323389
8, pcs, 101497915388353.89, 37.36, 0.00, 6437214
8, pcs, 101490887028906.14, 37.97, 0.00, 6555424
8, pcs, 101481849966328.52, 38.58, 0.00, 6666616
8, pcs, 101485388232414.37, 39.19, 0.00, 6765602
8, pcs, 101479908574398.27, 39.80, 0.00, 6872312
8, pcs, 101473460408874.44, 40.41, 0.00, 6980657
8, pcs, 101471577034903.52, 41.02, 0.00, 7083130
8, pcs, 101479721399104.87, 41.63, 0.00, 7185690
8, pcs, 101479389450930.05, 42.24, 0.00, 7296393
8, pcs, 101475974601058.88, 42.85, 0.00, 7407939
8, pcs, 101481968984683.52, 43.46, 0.00, 7514420
8, pcs, 101480168507633.99, 44.07, 0.00, 7624329
8, pcs, 101472770077015.44, 44.68, 0.00, 7734648
8, pcs, 101484691271599.07, 45.29, 0.00, 7844452
8, pcs, 101478663660367.55, 45.90, 0.00, 7953918
8, pcs, 101474197181281.12, 46.51, 0.00, 8065111
8, pcs, 101471177123243.55, 47.12, 0.00, 8173024
8, pcs, 101468977852641.43, 47.73, 0.00, 8285753
8, pcs, 101473333242104.09, 48.34, 0.00, 8388354
8, pcs, 101469308998276.71, 48.95, 0.00, 8503625
8, pcs, 101471474662801.37, 49.56, 0.00, 8618624
8, pcs, 101464895055658.22, 50.17, 0.00, 8736520
8, pcs, 101459503257277.90, 50.78, 0.00, 8853269
8, pcs, 101460828723608.02, 51.39, 0.00, 8966782
8, pcs, 101465834777072.14, 52.00, 0.00, 9067708
8, pcs, 101463779966859.36, 52.61, 0.00, 9194156
8, pcs, 101460786182366.76, 53.22, 0.00, 9298485
8, pcs, 101465144950524.76, 53.83, 0.00, 9407139
8, pcs, 101470962620108.89, 54.44, 0.00, 9515672
8, pcs, 101466702095704.65, 55.05, 0.00, 9626630
8, pcs, 101464400504918.45, 55.66, 0.00, 9736776
8, pcs, 101464128225436.20, 56.27, 0.00, 9851632
8, pcs, 101470497412058.30, 56.88, 0.00, 9957279
8, pcs, 101477353566225.28, 57.49, 0.00, 10065594
8, pcs, 101471340507352.67, 58.10, 0.00, 10182185
8, pcs, 101471744476261.14, 58.71, 0.00, 10289291
8, pcs, 101470510885715.83, 59.32, 0.00, 10398873
8, pcs, 101469313465754.14, 59.93, 0.00, 10506314
9, pcs, 100344919896155.18, 0.01, 0.00, 897
9, pcs, 100947239277035.29, 0.62, 0.00, 108002
9, pcs, 101481376895255.87, 1.23, 0.00, 208919
9, pcs, 101354880325315.63, 1.84, 0.00, 311316
9, pcs, 101449419806512.34, 2.45, 0.00, 422559
9, pcs, 101547191832325.11, 3.06, 0.00, 527243
9, pcs, 101571462313955.39, 3.67, 0.00, 634622
9, pcs, 101502560587818.40, 4.27, 0.00, 731441
9, pcs, 101509832477714.29, 4.87, 0.00, 825528
9, pcs, 101536329440523.47, 5.47, 0.00, 931950
9, pcs, 101544844909401.01, 6.07, 0.00, 1036378
9, pcs, 101500141695471.62, 6.67, 0.00, 1136395
9, pcs, 101529327315895.49, 7.27, 0.00, 1232390
9, pcs, 101512225987003.73, 7.87, 0.00, 1342622
9, pcs, 101512600696988.52, 8.47, 0.00, 1454924
9, pcs, 101514135693061.99, 9.07, 0.00, 1554314
9, pcs, 101486505269971.89, 9.67, 0.00, 1662163
9, pcs, 101491646888448.87, 10.27, 0.00, 1765474
9, pcs, 101490189487487.37, 10.87, 0.00, 1860905
9, pcs, 101502815646648.11, 11.47, 0.00, 1954776
9, pcs, 101525251519351.83, 12.07, 0.00, 2054602
9, pcs, 101549271863640.39, 12.67, 0.00, 2149473
9, pcs, 101534403036365.60, 13.27, 0.00, 2241037
9, pcs, 101531693156160.11, 13.87, 0.00, 2332104
9, pcs, 101555655954380.49, 14.47, 0.00, 2410604
9, pcs, 101562398514887.63, 15.07, 0.00, 2490309
9, pcs, 101539267443930.61, 15.67, 0.00, 2572537
9, pcs, 101535918628825.26, 16.27, 0.00, 2648153
9, pcs, 101511822355766.45, 16.87, 0.00, 2731703
9, pcs, 101516349512133.98, 17.47, 0.00, 2814588
9, pcs, 101533283136963.51, 18.07, 0.00, 2910617
9, pcs, 101536561303765.52, 18.67, 0.00, 3004480
9, pcs, 101528910265260.67, 19.27, 0.00, 3101161
9, pcs, 101517310338543.48, 19.87, 0.00, 3197837
9, pcs, 101520125036557.77, 20.47, 0.00, 3302577
9, pcs, 101531679382557.46, 21.07, 0.00, 3405270
9, pcs, 101529927829022.57, 21.67, 0.00, 3510538
9, pcs, 101529468645761.67, 22.27, 0.00, 3622929
9, pcs, 101521031027055.13, 22.87, 0.00, 3724925
9, pcs, 101520175849627.20, 23.47, 0.00, 3829737
9, pcs, 101508450089643.67, 24.07, 0.00, 3932993
9, pcs, 101502046584853.34, 24.67, 0.00, 4032265
9, pcs, 101497476864932.09, 25.27, 0.00, 4143728
9, pcs, 101505729053684.42, 25.87, 0.00, 4256565
9, pcs, 101507184016470.56, 26.47, 0.00, 4366399
9, pcs, 101505535035940.82, 27.07, 0.00, 4473142
9, pcs, 101503402062832.43, 27.67, 0.00, 4582774
9, pcs, 101491789342179.01, 28.27, 0.00, 4687402
9, pcs, 101482659920393.91, 28.87, 0.00, 4795185
9, pcs, 101485166535219.09, 29.47, 0.00, 4895339
9, pcs, 101489652806957.22, 30.07, 0.00, 5004024
9, pcs, 101489872720163.25, 30.67, 0.00, 5106361
9, pcs, 101492519654303.35, 31.27, 0.00, 5210685
9, pcs, 101473806446477.54, 31.87, 0.00, 5318804
9, pcs, 101471205779481.97, 32.48, 0.00, 5422713
9, pcs, 101462094622760.80, 33.09, 0.00, 5527142
9, pcs, 101459882346348.44, 33.70, 0.00, 5630402
9, pcs, 101460676299708.70, 34.31, 0.00, 5741538
9, pcs, 101444868125097.62, 34.92, 0.00, 5850703
9, pcs, 101448784159919.96, 35.53, 0.00, 5961094
9, pcs, 101457073184112.98, 36.14, 0.00, 6066923
9, pcs, 101458498668418.35, 36.75, 0.00, 6175704
9, pcs, 101456713052250.58, 37.36, 0.00, 6282687
9, pcs, 101454395979031.89, 37.97, 0.00, 6399336
9, pcs, 101463813446519.50, 38.58, 0.00, 6506576
9, pcs, 101449223401950.04, 39.19, 0.00, 6618526
9, pcs, 101442499776041.96, 39.80, 0.00, 6718982
9, pcs, 101454730510941.56, 40.41, 0.00, 6832793
9, pcs, 101459582110106.30, 41.02, 0.00, 6945982
9, pcs, 101456372788509.08, 41.63, 0.00, 7056401
9, pcs, 101470442567066.50, 42.24, 0.00, 7162998
9, pcs, 101469822324340.77, 42.85, 0.00, 7275643
9, pcs, 101461365838152.83, 43.46, 0.00, 7386992
9, pcs, 101468653926802.52, 44.07, 0.00, 7499951
9, pcs, 101458869431105.43, 44.68, 0.00, 7621224
9, pcs, 101459666158925.34, 45.29, 0.00, 7726069
9, pcs, 101456165208788.11, 45.90, 0.00, 7833837
9, pcs, 101459332401776.69, 46.51, 0.00, 7937391
9, pcs, 101458892600914.25, 47.12, 0.00, 8055524
9, pcs, 101465904654725.67, 47.73, 0.00, 8157744
9, pcs, 101464978486204.09, 48.34, 0.00, 8258655
9, pcs, 101454315633500.31, 48.95, 0.00, 8368396
9, pcs, 101460338948156.44, 49.56, 0.00, 8474397
9, pcs, 101458821076744.37, 50.17, 0.00, 8591246
9, pcs, 101455662345772.83, 50.78, 0.00, 8708500
9, pcs, 101461954247440.83, 51.39, 0.00, 8820387
9, pcs, 101460108853131.84, 52.00, 0.00, 8940771
9, pcs, 101462240337103.91, 52.61, 0.00, 9044756
9, pcs, 101464048982536.61, 53.22, 0.00, 9155794
9, pcs, 101460130810640.25, 53.83, 0.00, 9275093
9, pcs, 101462422937614.80, 54.44, 0.00, 9378704
9, pcs, 101465610809414.94, 55.05, 0.00, 9488546
9, pcs, 101467560889178.82, 55.66, 0.00, 9598896
9, pcs, 101474378588480.88, 56.27, 0.00, 9706291
9, pcs, 101474188056464.65, 56.88, 0.00, 9807715
9, pcs, 101477943757535.51, 57.49, 0.00, 9919407
9, pcs, 101475510538262.87, 58.10, 0.00, 10020935
9, pcs, 101473231987919.78, 58.71, 0.00, 10133650
9, pcs, 101473526728206.68, 59.32, 0.00, 10241115
9, pcs, 101470635028823.55, 59.93, 0.00, 10349940
10, pcs, 100554943357951.96, 0.01, 0.00, 2134
10, pcs, 101254600935867.59, 0.62, 0.00, 114371
10, pcs, 101788725923870.37, 1.23, 0.00, 220586
10, pcs, 101663578085657.57, 1.84, 0.00, 327487
10, pcs, 101604786352908.33, 2.45, 0.00, 430436
10, pcs, 101717141432382.72, 3.06, 0.00, 530465
10, pcs, 101629779986286.94, 3.67, 0.00, 630229
10, pcs, 101648781395342.58, 4.27, 0.00, 730649
10, pcs, 101653161904315.33, 4.87, 0.00, 839451
10, pcs, 101592251705395.39, 5.47, 0.00, 939436
10, pcs, 101578905525911.80, 6.07, 0.00, 1039125
10, pcs, 101517033780947.27, 6.67, 0.00, 1137008
10, pcs, 101485552700675.71, 7.27, 0.00, 1228695
10, pcs, 101446495458144.53, 7.87, 0.00, 1316259
10, pcs, 101437851381272.94, 8.47, 0.00, 1398500
10, pcs, 101426814181682.61, 9.07, 0.00, 1476227
10, pcs, 101440998076948.94, 9.67, 0.00, 1557550
10, pcs, 101459156005880.27, 10.27, 0.00, 1636838
10, pcs, 101434158698718.31, 10.87, 0.00, 1713555
10, pcs, 101438089329347.15, 11.47, 0.00, 1810073
10, pcs, 101459265825295.79, 12.07, 0.00, 1900118
10, pcs, 101447660292361.23, 12.67, 0.00, 1990254
10, pcs, 101448196380000.91, 13.27, 0.00, 2085245
10, pcs, 101443163765729.86, 13.87, 0.00, 2188059
10, pcs, 101434606721074.26, 14.47, 0.00, 2285307
10, pcs, 101431173354878.49, 15.07, 0.00, 2377161
10, pcs, 101427775462901.24, 15.67, 0.00, 2478089
10, pcs, 101428550056327.17, 16.27, 0.00, 2571967
10, pcs, 101437478205042.41, 16.87, 0.00, 2678267
10, pcs, 101439559859933.23, 17.47, 0.00, 2790593
10, pcs, 101455061297642.41, 18.07, 0.00, 2901801
10, pcs, 101475516302416.19, 18.67, 0.00, 3018278
10, pcs, 101478905546670.48, 19.27, 0.00, 3137871
10, pcs, 101459959491639.29, 19.87, 0.00, 3246279
10, pcs, 101455873345275.83, 20.47, 0.00, 3358201
10, pcs, 101473481526292.21, 21.07, 0.00, 3466441
10, pcs, 101453298135964.54, 21.67, 0.00, 3582613
10, pcs, 101445795223010.08, 22.27, 0.00, 3689000
10, pcs, 101465236177439.43, 22.87, 0.00, 3795913
10, pcs, 101466319408034.32, 23.47, 0.00, 3905686
10, pcs, 101479805321007.48, 24.07, 0.00, 4011258
10, pcs, 101483715628503.77, 24.67, 0.00, 4120921
10, pcs, 101484893463285.21, 25.27, 0.00, 4228415
10, pcs, 101477474953990.77, 25.87, 0.00, 4340455
10, pcs, 101487257562276.86, 26.47, 0.00, 4446081
10, pcs, 101504413049314.91, 27.07, 0.00, 4544214
10, pcs, 101504558227530.23, 27.67, 0.00, 4653486
10, pcs, 101509007458058.18, 28.27, 0.00, 4759210
10, pcs, 101523721839695.04, 28.87, 0.00, 4860642
10, pcs, 101522805960061.74, 29.47, 0.00, 4971839
10, pcs, 101516947833583.48, 30.07, 0.00, 5082264
10, pcs, 101508426770425.77, 30.67, 0.00, 5195377
10, pcs, 101526919555473.22, 31.27, 0.00, 5304855
10, pcs, 101528440049309.96, 31.87, 0.00, 5414611
10, pcs, 101523787055251.42, 32.48, 0.00, 5517495
10, pcs, 101525507426239.35, 33.09, 0.00, 5619261
10, pcs, 101527651597891.13, 33.70, 0.00, 5732438
10, pcs, 101526560741798.63, 34.31, 0.00, 5830613
10, pcs, 101517050224211.17, 34.92, 0.00, 5932737
10, pcs, 101525434630922.35, 35.53, 0.00, 6043507
10, pcs, 101524517976350.00, 36.14, 0.00, 6149222
10, pcs, 101516854514684.46, 36.75, 0.00, 6253138
10, pcs, 101509522923447.41, 37.36, 0.00, 6357346
10, pcs, 101504516844984.36, 37.97, 0.00, 6470044
10, pcs, 101495936397556.66, 38.58, 0.00, 6581209
10, pcs, 101491479046789.94, 39.19, 0.00, 6686306
10, pcs, 101497969261837.62, 39.80, 0.00, 6793283
10, pcs, 101497701218702.11, 40.41, 0.00, 6913160
10, pcs, 101502880441770.18, 41.02, 0.00, 7033195
10, pcs, 101498612791703.67, 41.63, 0.00, 7148389
10, pcs, 101494916088738.36, 42.24, 0.00, 7256128
10, pcs, 101489264433940.41, 42.85, 0.00, 7368986
10, pcs, 101481344854655.75, 43.46, 0.00, 7487933
10, pcs, 101480686044351.73, 44.07, 0.00, 7590293
10, pcs, 101478419845935.13, 44.68, 0.00, 7707912
10, pcs, 101477135703157.27, 45.29, 0.00, 7822971
10, pcs, 101477220463836.71, 45.90, 0.00, 7934323
10, pcs, 101484761930847.43, 46.51, 0.00, 8045934
10, pcs, 101482687414254.57, 47.12, 0.00, 8157339
10, pcs, 101488363383729.05, 47.73, 0.00, 8266053
10, pcs, 101487673201013.64, 48.34, 0.00, 8383532
10, pcs, 101489897147217.07, 48.95, 0.00, 8497877
10, pcs, 101494177152362.09, 49.56, 0.00, 8609046
10, pcs, 101496717083975.22, 50.17, 0.00, 8723395
10, pcs, 101493072768551.66, 50.78, 0.00, 8824126
10, pcs, 101495944780648.67, 51.39, 0.00, 8935516
10, pcs, 101492644882008.08, 52.00, 0.00, 9040787
10, pcs, 101489754355526.62, 52.61, 0.00, 9158074
10, pcs, 101482329033519.11, 53.22, 0.00, 9267139
10, pcs, 101483372795447.01, 53.83, 0.00, 9373195
10, pcs, 101480782479113.45, 54.44, 0.00, 9473519
10, pcs, 101473481344348.44, 55.05, 0.00, 9577292
10, pcs, 101469756162238.25, 55.66, 0.00, 9683089
10, pcs, 101468979534502.26, 56.27, 0.00, 9790324
10, pcs, 101466191457748.17, 56.88, 0.00, 9891737
10, pcs, 101468107878763.99, 57.49, 0.00, 9992850
10, pcs, 101467246779574.64, 58.10, 0.00, 10102018
10, pcs, 101469231373960.68, 58.71, 0.00, 10205698
10, pcs, 101466110286550.02, 59.32, 0.00, 10315421
10, pcs, 101464205454000.60, 59.93, 0.00, 10419662
11, pcs, 100910731010560.28, 0.01, 0.00, 2492
11, pcs, 101853210956275.24, 0.62, 0.00, 92583
11, pcs, 101693107581396.33, 1.23, 0.00, 171841
11, pcs, 101734915675955.78, 1.84, 0.00, 249580
11, pcs, 101785039558193.74, 2.45, 0.00, 328605
11, pcs, 101745403605897.20, 3.06, 0.00, 408614
11, pcs, 101803081935918.32, 3.67, 0.00, 490579
11, pcs, 101768520070019.10, 4.27, 0.00, 573296
11, pcs, 101655463573950.64, 4.87, 0.00, 664725
11, pcs, 101692750976028.74, 5.47, 0.00, 761807
11, pcs, 101729035934835.32, 6.07, 0.00, 867843
11, pcs, 101673099358206.27, 6.67, 0.00, 950727
11, pcs, 101740097233559.16, 7.27, 0.00, 1052628
11, pcs, 101703734971559.94, 7.87, 0.00, 1143041
11, pcs, 101681552177998.76, 8.47, 0.00, 1235619
11, pcs, 101653326354370.75, 9.07, 0.00, 1340359
11, pcs, 101629093568569.58, 9.67, 0.00, 1444443
11, pcs, 101617554071043.61, 10.27, 0.00, 1549947
11, pcs, 101595249259314.48, 10.87, 0.00, 1659982
11, pcs, 101573212574383.43, 11.47, 0.00, 1767288
11, pcs, 101587393552401.11, 12.07, 0.00, 1880791
11, pcs, 101589265016287.67, 12.67, 0.00, 1991613
11, pcs, 101599346066002.72, 13.27, 0.00, 2091703
11, pcs, 101606476331672.29, 13.87, 0.00, 2200305
11, pcs, 101598746581484.41, 14.47, 0.00, 2312401
11, pcs, 101595977166714.32, 15.07, 0.00, 2417356
11, pcs, 101592362581960.59, 15.67, 0.00, 2523927
11, pcs, 101560032696877.23, 16.27, 0.00, 2642716
11, pcs, 101583215997416.65, 16.87, 0.00, 2746084
11, pcs, 101586966437555.24, 17.47, 0.00, 2852914
11, pcs, 101570709169621.90, 18.07, 0.00, 2957149
11, pcs, 101542279937486.53, 18.67, 0.00, 3063660
11, pcs, 101535942714552.01, 19.27, 0.00, 3171275
11, pcs, 101546282518446.00, 19.87, 0.00, 3280405
11, pcs, 101527461255961.37, 20.47, 0.00, 3392264
11, pcs, 101516111046280.09, 21.07, 0.00, 3503998
11, pcs, 101521387155480.84, 21.67, 0.00, 3616577
11, pcs, 101524656189901.78, 22.27, 0.00, 3725674
11, pcs, 101534236627468.87, 22.87, 0.00, 3830084
11, pcs, 101521177224674.57, 23.47, 0.00, 3935843
11, pcs, 101532333362351.99, 24.07, 0.00, 4036644
11, pcs, 101543289650757.76, 24.67, 0.00, 4149706
11, pcs, 101548383554361.63, 25.27, 0.00, 4253082
11, pcs, 101549051419002.74, 25.87, 0.00, 4356007
11, pcs, 101558244764920.80, 26.47, 0.00, 4458851
11, pcs, 101570048628831.24, 27.07, 0.00, 4563987
11, pcs, 101576101338895.49, 27.67, 0.00, 4669621
11, pcs, 101571245987209.62, 28.27, 0.00, 4769801
11, pcs, 101592989410423.31, 28.87, 0.00, 4875027
11, pcs, 101577732176328.98, 29.47, 0.00, 4983961
11, pcs, 101587594036730.78, 30.07, 0.00, 5104936
11, pcs, 101589882071609.90, 30.67, 0.00, 5213889
11, pcs, 101586011967126.14, 31.27, 0.00, 5323057
11, pcs, 101572768801862.89, 31.87, 0.00, 5431145
11, pcs, 101569923379858.19, 32.48, 0.00, 5545240
11, pcs, 101561829896115.94, 33.09, 0.00, 5653108
11, pcs, 101563683281240.52, 33.70, 0.00, 5763862
11, pcs, 101554322056099.37, 34.31, 0.00, 5865831
11, pcs, 101548210515939.49, 34.92, 0.00, 5977202
11, pcs, 101544088382996.92, 35.53, 0.00, 6089550
11, pcs, 101547191633596.60, 36.14, 0.00, 6199307
11, pcs, 101545488772990.35, 36.75, 0.00, 6325592
11, pcs, 101554929057430.75, 37.36, 0.00, 6442598
11, pcs, 101549433907955.11, 37.97, 0.00, 6553415
11, pcs, 101552601638142.78, 38.58, 0.00, 6665736
11, pcs, 101552877851233.62, 39.19, 0.00, 6783264
11, pcs, 101551782310272.45, 39.80, 0.00, 6896976
11, pcs, 101558959230883.93, 40.41, 0.00, 7010293
11, pcs, 101559285884706.45, 41.02, 0.00, 7118067
11, pcs, 101552441809308.82, 41.63, 0.00, 7227977
11, pcs, 101550880594730.38, 42.24, 0.00, 7339656
11, pcs, 101552199634953.39, 42.85, 0.00, 7448861
11, pcs, 101550708167544.92, 43.46, 0.00, 7558366
11, pcs, 101557999516287.81, 44.07, 0.00, 7667355
11, pcs, 101554388400054.50, 44.68, 0.00, 7766918
11, pcs, 101551003123733.38, 45.29, 0.00, 7862032
11, pcs, 101559558873357.16, 45.90, 0.00, 7977501
11, pcs, 101557174203593.14, 46.51, 0.00, 8092614
11, pcs, 101558290577824.50, 47.12, 0.00, 8194925
11, pcs, 101558138763617.57, 47.73, 0.00, 8302317
11, pcs, 101557560707049.84, 48.34, 0.00, 8411154
11, pcs, 101551809270430.36, 48.95, 0.00, 8508664
11, pcs, 101549081698879.58, 49.56, 0.00, 8608348
11, pcs, 101548885695139.24, 50.17, 0.00, 8712163
11, pcs, 101548342486294.77, 50.78, 0.00, 8813619
11, pcs, 101550083332215.68, 51.39, 0.00, 8909578
11, pcs, 101545290824269.87, 52.00, 0.00, 9008818
11, pcs, 101539949403550.84, 52.61, 0.00, 9109412
11, pcs, 101544429022103.98, 53.22, 0.00, 9209336
11, pcs, 101539852742702.59, 53.83, 0.00, 9303047
11, pcs, 101542380470427.80, 54.44, 0.00, 9392408
11, pcs, 101541114787581.84, 55.05, 0.00, 9473885
11, pcs, 101534940756775.35, 55.66, 0.00, 9557078
11, pcs, 101533831643392.32, 56.27, 0.00, 9637536
11, pcs, 101532370717700.34, 56.88, 0.00, 9723497
11, pcs, 101532080005594.34, 57.49, 0.00, 9803809
11, pcs, 101529368655986.37, 58.10, 0.00, 9894518
11, pcs, 101526578765724.41, 58.71, 0.00, 9992051
11, pcs, 101524708518892.17, 59.32, 0.00, 10088488
11, pcs, 101525755297088.06, 59.93, 0.00, 10182648
12, pcs, 112167590870665.36, 0.01, 0.00, 91
12, pcs, 101406557075503.12, 0.62, 0.00, 95768
12, pcs, 101461872895560.78, 1.23, 0.00, 199921
12, pcs, 101276447060784.89, 1.84, 0.00, 298361
12, pcs, 101287745546354.87, 2.45, 0.00, 395809
12, pcs, 101363110003003.88, 3.06, 0.00, 499128
12, pcs, 101344894994044.06, 3.67, 0.00, 600263
12, pcs, 101248181515839.46, 4.27, 0.00, 716555
12, pcs, 101301365276855.26, 4.87, 0.00, 818511
12, pcs, 101419588882235.79, 5.47, 0.00, 922064
12, pcs, 101299361242367.24, 6.07, 0.00, 1045904
12, pcs, 101323388808448.82, 6.67, 0.00, 1154008
12, pcs, 101391304763835.80, 7.27, 0.00, 1264077
12, pcs, 101418446555832.96, 7.87, 0.00, 1373906
12, pcs, 101415665081479.64, 8.47, 0.00, 1477517
12, pcs, 101421227690407.84, 9.07, 0.00, 1585027
12, pcs, 101456458904389.69, 9.67, 0.00, 1691278
12, pcs, 101425585603163.17, 10.27, 0.00, 1807261
12, pcs, 101402096093515.67, 10.87, 0.00, 1902006
12, pcs, 101422655704396.32, 11.47, 0.00, 2005946
12, pcs, 101436491763788.72, 12.07, 0.00, 2114377
12, pcs, 101401626340291.30, 12.67, 0.00, 2221469
12, pcs, 101406734467638.73, 13.27, 0.00, 2329540
12, pcs, 101392985515140.88, 13.87, 0.00, 2429286
12, pcs, 101378345441103.14, 14.47, 0.00, 2536191
12, pcs, 101366185911235.11, 15.07, 0.00, 2639000
12, pcs, 101376393620604.90, 15.67, 0.00, 2753080
12, pcs, 101364990321683.48, 16.27, 0.00, 2867849
12, pcs, 101357733454531.69, 16.87, 0.00, 2972449
12, pcs, 101358049265288.13, 17.47, 0.00, 3073536
12, pcs, 101351640696872.09, 18.07, 0.00, 3177099
12, pcs, 101358328382093.40, 18.67, 0.00, 3282469
12, pcs, 101356082585262.25, 19.27, 0.00, 3394617
12, pcs, 101359919192096.48, 19.87, 0.00, 3493578
12, pcs, 101369543582670.68, 20.47, 0.00, 3593537
12, pcs, 101373172841206.05, 21.07, 0.00, 3700357
12, pcs, 101376388794975.32, 21.67, 0.00, 3807670
12, pcs, 101378620172162.30, 22.27, 0.00, 3913806
12, pcs, 101384782008658.84, 22.87, 0.00, 4031165
12, pcs, 101403145536354.12, 23.47, 0.00, 4139276
12, pcs, 101413145617150.29, 24.07, 0.00, 4261963
12, pcs, 101404676921133.09, 24.67, 0.00, 4379545
12, pcs, 101406690197087.77, 25.27, 0.00, 4486122
12, pcs, 101391752462982.76, 25.87, 0.00, 4593156
12, pcs, 101387720778669.83, 26.47, 0.00, 4707786
12, pcs, 101390115597709.08, 27.07, 0.00, 4818557
12, pcs, 101397651867964.44, 27.67, 0.00, 4929416
12, pcs, 101407266262315.14, 28.27, 0.00, 5041068
12, pcs, 101409080379280.39, 28.87, 0.00, 5156188
12, pcs, 101417318599382.57, 29.47, 0.00, 5273310
12, pcs, 101409330139687.43, 30.07, 0.00, 5378815
12, pcs, 101404620859318.42, 30.67, 0.00, 5494232
12, pcs, 101405891383810.69, 31.27, 0.00, 5604900
12, pcs, 101396089676645.91, 31.87, 0.00, 5718372
12, pcs, 101396122181604.58, 32.48, 0.00, 5831115
12, pcs, 101393717103843.00, 33.09, 0.00, 5947117
12, pcs, 101401021639890.94, 33.70, 0.00, 6063729
12, pcs, 101392543718879.11, 34.31, 0.00, 6179767
12, pcs, 101403125051682.75, 34.92, 0.00, 6299260
12, pcs, 101406009694711.77, 35.53, 0.00, 6418426
12, pcs, 101405010909214.46, 36.14, 0.00, 6528710
12, pcs, 101409403163261.87, 36.75, 0.00, 6645156
12, pcs, 101416574102580.41, 37.36, 0.00, 6758815
12, pcs, 101404349851898.30, 37.97, 0.00, 6865921
12, pcs, 101411538954948.42, 38.58, 0.00, 6970867
12, pcs, 101415452452120.80, 39.19, 0.00, 7081361
12, pcs, 101408568593484.69, 39.80, 0.00, 7192006
12, pcs, 101415002762523.99, 40.41, 0.00, 7300744
12, pcs, 101423598580411.86, 41.02, 0.00, 7408050
12, pcs, 101414981408265.30, 41.63, 0.00, 7510698
12, pcs, 101416884666634.91, 42.24, 0.00, 7620097
12, pcs, 101422375729891.42, 42.85, 0.00, 7720696
12, pcs, 101421154417814.82, 43.46, 0.00, 7827241
12, pcs, 101421180667167.16, 44.07, 0.00, 7932712
12, pcs, 101424231616195.81, 44.68, 0.00, 8036118
12, pcs, 101427554210010.64, 45.29, 0.00, 8140420
12, pcs, 101425943347831.38, 45.90, 0.00, 8238067
12, pcs, 101427592429042.10, 46.51, 0.00, 8339175
12, pcs, 101427520338860.31, 47.12, 0.00, 8432937
12, pcs, 101428084073568.63, 47.73, 0.00, 8514327
12, pcs, 101427367039914.18, 48.34, 0.00, 8598169
12, pcs, 101430901276411.28, 48.95, 0.00, 8686099
12, pcs, 101435645095193.94, 49.56, 0.00, 8766346
12, pcs, 101436473260966.06, 50.17, 0.00, 8849788
12, pcs, 101439377788865.82, 50.78, 0.00, 8931278
12, pcs, 101442204283219.93, 51.39, 0.00, 9033544
12, pcs, 101438458885753.86, 52.00, 0.00, 9125332
12, pcs, 101438375543337.47, 52.61, 0.00, 9218882
12, pcs, 101439495005541.61, 53.22, 0.00, 9308187
12, pcs, 101443507978393.00, 53.83, 0.00, 9408496
12, pcs, 101442713058181.30, 54.44, 0.00, 9507169
12, pcs, 101440106079726.00, 55.05, 0.00, 9609617
12, pcs, 101437915059077.77, 55.66, 0.00, 9709620
12, pcs, 101437223245281.68, 56.27, 0.00, 9819346
12, pcs, 101431744607797.18, 56.88, 0.00, 9923694
12, pcs, 101433580742437.39, 57.49, 0.00, 10041400
12, pcs, 101430969285170.40, 58.10, 0.00, 10151213
12, pcs, 101428703310897.36, 58.71, 0.00, 10255336
12, pcs, 101436631726790.77, 59.32, 0.00, 10365766
12, pcs, 101436705252451.61, 59.93, 0.00, 10475476
13, pcs, 101026446455385.54, 0.01, 0.00, 2333
13, pcs, 101286159264619.02, 0.62, 0.00, 113875
13, pcs, 101356527513913.93, 1.23, 0.00, 223630
13, pcs, 101370800376653.33, 1.84, 0.00, 325229
13, pcs, 101539114862787.33, 2.45, 0.00, 434676
13, pcs, 101586168332930.01, 3.06, 0.00, 544999
13, pcs, 101540362032426.12, 3.67, 0.00, 661389
13, pcs, 101562727863634.99, 4.27, 0.00, 762780
13, pcs, 101615553694844.99, 4.87, 0.00, 868851
13, pcs, 101623728482512.48, 5.47, 0.00, 972430
13, pcs, 101677284245931.77, 6.07, 0.00, 1081216
13, pcs, 101638535889576.42, 6.67, 0.00, 1183468
13, pcs, 101629785572747.12, 7.27, 0.00, 1294743
13, pcs, 101599680576247.11, 7.87, 0.00, 1404280
13, pcs, 101608917352955.75, 8.47, 0.00, 1508241
13, pcs, 101656175143819.89, 9.07, 0.00, 1617502
13, pcs, 101677628245691.65, 9.67, 0.00, 1732637
13, pcs, 101687275500569.89, 10.27, 0.00, 1839570
13, pcs, 101667734775826.34, 10.87, 0.00, 1941887
13, pcs, 101644727046324.63, 11.47, 0.00, 2043690
13, pcs, 101621820852448.36, 12.07, 0.00, 2151333
13, pcs, 101591472691687.42, 12.67, 0.00, 2265513
13, pcs, 101589226320072.93, 13.27, 0.00, 2374545
13, pcs, 101558615265954.90, 13.87, 0.00, 2483243
13, pcs, 101577341582887.60, 14.47, 0.00, 2594002
13, pcs, 101587048707550.89, 15.07, 0.00, 2697767
13, pcs, 101591032613563.87, 15.67, 0.00, 2797103
13, pcs, 101581564833879.18, 16.27, 0.00, 2905502
13, pcs, 101558915878321.55, 16.87, 0.00, 3009214
13, pcs, 101550444717832.76, 17.47, 0.00, 3119448
13, pcs, 101559675898397.50, 18.07, 0.00, 3235419
13, pcs, 101555219154063.91, 18.67, 0.00, 3340575
13, pcs, 101563698606101.63, 19.27, 0.00, 3442533
13, pcs, 101557556330227.37, 19.87, 0.00, 3548116
13, pcs, 101546962542442.24, 20.47, 0.00, 3656691
13, pcs, 101548482223414.29, 21.07, 0.00, 3761607
13, pcs, 101542028491374.13, 21.67, 0.00, 3867205
13, pcs, 101537749064696.39, 22.27, 0.00, 3979935
13, pcs, 101548304067668.01, 22.87, 0.00, 4094272
13, pcs, 101551013379726.80, 23.47, 0.00, 4212056
13, pcs, 101549446951312.73, 24.07, 0.00, 4319864
13, pcs, 101554616710411.83, 24.67, 0.00, 4428654
13, pcs, 101544555567377.08, 25.27, 0.00, 4532128
13, pcs, 101539357700349.35, 25.87, 0.00, 4642949
13, pcs, 101549737716831.80, 26.47, 0.00, 4752232
13, pcs, 101542351248606.29, 27.07, 0.00, 4856465
13, pcs, 101550655859996.19, 27.67, 0.00, 4958857
13, pcs, 101558037218739.01, 28.27, 0.00, 5068332
13, pcs, 101552546020914.81, 28.87, 0.00, 5169961
13, pcs, 101553256541574.68, 29.47, 0.00, 5288101
13, pcs, 101547720878999.81, 30.07, 0.00, 5403730
13, pcs, 101549370281298.72, 30.67, 0.00, 5504082
13, pcs, 101546333119776.46, 31.27, 0.00, 5613254
13, pcs, 101547455340548.18, 31.87, 0.00, 5723249
13, pcs, 101548298140040.86, 32.48, 0.00, 5822162
13, pcs, 101547347444468.51, 33.09, 0.00, 5935344
13, pcs, 101550742215279.06, 33.70, 0.00, 6041062
13, pcs, 101548504508184.73, 34.31, 0.00, 6144802
13, pcs, 101551954538222.04, 34.92, 0.00, 6245565
13, pcs, 101554250578733.17, 35.53, 0.00, 6356940
13, pcs, 101552584049590.19, 36.14, 0.00, 6463852
13, pcs, 101557695861644.59, 36.75, 0.00, 6571366
13, pcs, 101563278177276.74, 37.36, 0.00, 6672413
13, pcs, 101559702747901.83, 37.97, 0.00, 6767287
13, pcs, 101557929968876.82, 38.58, 0.00, 6868508
13, pcs, 101568397077015.40, 39.19, 0.00, 6962840
13, pcs, 101572459489288.92, 39.80, 0.00, 7066281
13, pcs, 101573776356481.80, 40.41, 0.00, 7163065
13, pcs, 101583452348306.82, 41.02, 0.00, 7246271
13, pcs, 101587591313947.85, 41.63, 0.00, 7324597
13, pcs, 101583873192389.64, 42.24, 0.00, 7407207
13, pcs, 101583272563118.79, 42.85, 0.00, 7490767
13, pcs, 101580158849865.83, 43.46, 0.00, 7566842
13, pcs, 101576681167225.14, 44.07, 0.00, 7651454
13, pcs, 101572605877150.60, 44.68, 0.00, 7735423
13, pcs, 101570506416969.22, 45.29, 0.00, 7831411
13, pcs, 101572441877663.64, 45.90, 0.00, 7929155
13, pcs, 101574477327421.25, 46.51, 0.00, 8020625
13, pcs, 101572785276860.29, 47.12, 0.00, 8118752
13, pcs, 101572168994454.08, 47.73, 0.00, 8215466
13, pcs, 101569136367037.33, 48.34, 0.00, 8309814
13, pcs, 101559842982262.49, 48.95, 0.00, 8418480
13, pcs, 101560581610399.93, 49.56, 0.00, 8525282
13, pcs, 101558306732189.80, 50.17, 0.00, 8638972
13, pcs, 101555146825275.31, 50.78, 0.00, 8746859
13, pcs, 101553789938132.25, 51.39, 0.00, 8847144
13, pcs, 101543891883543.22, 52.00, 0.00, 8948447
13, pcs, 101541478450608.92, 52.61, 0.00, 9056466
13, pcs, 101546140549199.35, 53.22, 0.00, 9164393
13, pcs, 101547463676010.73, 53.83, 0.00, 9267283
13, pcs, 101547245292013.10, 54.44, 0.00, 9371352
13, pcs, 101545412314972.15, 55.05, 0.00, 9473861
13, pcs, 101539472736894.90, 55.66, 0.00, 9584490
13, pcs, 101542515579767.65, 56.27, 0.00, 9696945
13, pcs, 101548948406718.80, 56.88, 0.00, 9807156
13, pcs, 101546160542825.99, 57.49, 0.00, 9921212
13, pcs, 101545768702624.66, 58.10, 0.00, 10029678
13, pcs, 101545077918329.44, 58.71, 0.00, 10128454
13, pcs, 101546044616883.75, 59.32, 0.00, 10238142
13, pcs, 101539735440919.33, 59.93, 0.00, 10346335
