exp_rep, bfly, algo, time, iterations
1, fes, 7943065086.39, 0.01, 1
1, fes, 1945774975882.38, 0.62, 279
1, fes, 2037388219498.99, 1.23, 621
1, fes, 2068843083536.16, 1.84, 1043
1, fes, 2082447047621.09, 2.45, 1556
1, fes, 2017563377061.76, 3.06, 2147
1, fes, 2011584400871.90, 3.67, 2823
1, fes, 2008766071082.80, 4.27, 3584
1, fes, 2022407502836.48, 4.87, 4375
1, fes, 2028847405861.30, 5.47, 5194
1, fes, 2007377786638.79, 6.07, 6031
1, fes, 1976982415361.72, 6.67, 6888
1, fes, 1966754047374.75, 7.27, 7763
1, fes, 1954275912139.47, 7.87, 8643
1, fes, 1977738395070.61, 8.47, 9515
1, fes, 1958755246344.29, 9.07, 10426
1, fes, 1973339209115.42, 9.67, 11305
1, fes, 1994009623064.41, 10.27, 12172
1, fes, 2001035098733.88, 10.87, 13087
1, fes, 2004772407751.91, 11.47, 13966
1, fes, 1989379341106.67, 12.07, 14825
1, fes, 1993018634983.44, 12.67, 15668
1, fes, 1999425143182.77, 13.27, 16484
1, fes, 1996602443660.04, 13.87, 17288
1, fes, 1996280778692.89, 14.47, 18085
1, fes, 2001693703516.95, 15.07, 18859
1, fes, 2002069050782.40, 15.67, 19634
1, fes, 1993997119797.85, 16.27, 20429
1, fes, 2012716745413.18, 16.87, 21196
1, fes, 2008971577162.05, 17.47, 21979
1, fes, 2004316973621.36, 18.07, 22771
1, fes, 2008934012897.98, 18.67, 23532
1, fes, 2011463083613.92, 19.27, 24303
1, fes, 2020943973966.68, 19.87, 25070
1, fes, 2023006230256.24, 20.47, 25842
1, fes, 2021424189469.90, 21.07, 26616
1, fes, 2017417955940.62, 21.67, 27385
1, fes, 2013983013492.51, 22.27, 28173
1, fes, 2013533838624.81, 22.87, 28940
1, fes, 2009410907328.90, 23.47, 29696
1, fes, 2015876528800.06, 24.07, 30513
1, fes, 2014513655675.08, 24.67, 31336
1, fes, 2011309949436.09, 25.27, 32188
1, fes, 2004494525315.11, 25.87, 33055
1, fes, 2003348618087.52, 26.47, 33916
1, fes, 2004997701826.73, 27.07, 34764
1, fes, 2009195955001.69, 27.67, 35644
1, fes, 2005929640653.61, 28.27, 36532
1, fes, 2005052112505.87, 28.87, 37437
1, fes, 2002946454664.65, 29.47, 38315
1, fes, 2005120828575.84, 30.07, 39167
1, fes, 2003297637473.73, 30.67, 40001
1, fes, 2005882685696.86, 31.27, 40813
1, fes, 2003460461645.61, 31.87, 41646
1, fes, 1998370500556.61, 32.48, 42560
1, fes, 1995323689931.88, 33.09, 43463
1, fes, 1996212220863.61, 33.70, 44368
1, fes, 1991651938413.96, 34.31, 45264
1, fes, 1989216663939.70, 34.92, 46156
1, fes, 1998646177160.75, 35.53, 47049
1, fes, 2004283099277.40, 36.14, 47939
1, fes, 2002067519949.25, 36.75, 48861
1, fes, 1998865826035.64, 37.36, 49758
1, fes, 1996020258755.79, 37.97, 50659
1, fes, 1995903737543.39, 38.58, 51538
1, fes, 2001572983200.41, 39.19, 52415
1, fes, 2002545905739.91, 39.80, 53305
1, fes, 2001640353669.93, 40.41, 54154
1, fes, 2006029464570.94, 41.02, 55008
1, fes, 2004991606144.92, 41.63, 55845
1, fes, 2001097446015.19, 42.24, 56697
1, fes, 2001057701341.91, 42.85, 57510
1, fes, 2001288070867.45, 43.46, 58356
1, fes, 2006614447111.37, 44.07, 59206
1, fes, 2005192129862.19, 44.68, 60041
1, fes, 2007154268632.30, 45.29, 60837
1, fes, 2005785607435.07, 45.90, 61652
1, fes, 2002507874293.11, 46.51, 62499
1, fes, 2001127457146.25, 47.12, 63325
1, fes, 2000536372293.94, 47.73, 64192
1, fes, 1996776716972.84, 48.34, 65026
1, fes, 1993067466018.47, 48.95, 65871
1, fes, 1991296653962.67, 49.56, 66692
1, fes, 1991624133803.80, 50.17, 67514
1, fes, 1996969125180.77, 50.78, 68307
1, fes, 1999422197021.52, 51.39, 69109
1, fes, 2003595810120.49, 52.00, 69904
1, fes, 2003347764755.74, 52.61, 70744
1, fes, 2006483323004.60, 53.22, 71581
1, fes, 2008342940848.59, 53.83, 72406
1, fes, 2009942328530.90, 54.44, 73256
1, fes, 2012551065551.97, 55.05, 74099
1, fes, 2013379813784.66, 55.66, 74977
1, fes, 2013422266534.77, 56.27, 75861
1, fes, 2010402340904.77, 56.88, 76747
1, fes, 2012569065064.56, 57.49, 77613
1, fes, 2015877853063.72, 58.10, 78474
1, fes, 2015540270081.35, 58.71, 79364
1, fes, 2015891076480.14, 59.32, 80253
1, fes, 2014551525423.58, 59.93, 81137
2, fes, 2111017418396.15, 0.01, 15
2, fes, 1887041648237.58, 0.62, 898
2, fes, 1821143219765.28, 1.23, 1787
2, fes, 1967370760425.29, 1.84, 2687
2, fes, 2034606673574.68, 2.45, 3586
2, fes, 2093639297075.02, 3.06, 4470
2, fes, 2074464906876.68, 3.67, 5344
2, fes, 2045222479272.46, 4.27, 6231
2, fes, 2111978642337.14, 4.87, 7101
2, fes, 2112498843011.88, 5.47, 7974
2, fes, 2128847034199.93, 6.07, 8857
2, fes, 2133134681968.04, 6.67, 9718
2, fes, 2116990086600.45, 7.27, 10610
2, fes, 2139844835915.87, 7.87, 11498
2, fes, 2137212131845.94, 8.47, 12387
2, fes, 2150005078550.87, 9.07, 13265
2, fes, 2168892879390.29, 9.67, 14134
2, fes, 2160538139948.03, 10.27, 15030
2, fes, 2154572876151.04, 10.87, 15913
2, fes, 2155917060850.73, 11.47, 16817
2, fes, 2137468736265.03, 12.07, 17688
2, fes, 2136835170113.60, 12.67, 18539
2, fes, 2111218349142.14, 13.27, 19388
2, fes, 2096831784544.66, 13.87, 20216
2, fes, 2093319267511.49, 14.47, 21025
2, fes, 2091276476001.05, 15.07, 21822
2, fes, 2081883662857.23, 15.67, 22619
2, fes, 2089201006606.92, 16.27, 23407
2, fes, 2085832435469.58, 16.87, 24187
2, fes, 2089298045199.06, 17.47, 24940
2, fes, 2092190910089.86, 18.07, 25722
2, fes, 2093199694902.74, 18.67, 26498
2, fes, 2093295911833.88, 19.27, 27285
2, fes, 2091756861920.70, 19.87, 28068
2, fes, 2085290006577.52, 20.47, 28834
2, fes, 2085444583410.24, 21.07, 29614
2, fes, 2081612042587.33, 21.67, 30421
2, fes, 2086625948500.68, 22.27, 31187
2, fes, 2082938142979.87, 22.87, 31991
2, fes, 2073961166276.86, 23.47, 32764
2, fes, 2071141471900.29, 24.07, 33547
2, fes, 2064150720707.48, 24.67, 34326
2, fes, 2062102488604.08, 25.27, 35151
2, fes, 2062673258652.80, 25.87, 35995
2, fes, 2057418118724.23, 26.47, 36846
2, fes, 2053697080866.43, 27.07, 37715
2, fes, 2045081671085.83, 27.67, 38596
2, fes, 2040401272916.37, 28.27, 39482
2, fes, 2038933004183.16, 28.87, 40391
2, fes, 2041226744990.19, 29.47, 41312
2, fes, 2042521111258.45, 30.07, 42197
2, fes, 2048737735820.61, 30.67, 43027
2, fes, 2048761790016.15, 31.27, 43886
2, fes, 2055708673854.73, 31.87, 44735
2, fes, 2063011046119.59, 32.48, 45643
2, fes, 2062209905187.42, 33.09, 46530
2, fes, 2057337818780.37, 33.70, 47430
2, fes, 2057733357019.71, 34.31, 48317
2, fes, 2054842386214.51, 34.92, 49218
2, fes, 2053213813717.39, 35.53, 50110
2, fes, 2058469527702.04, 36.14, 51008
2, fes, 2061724407190.14, 36.75, 51924
2, fes, 2061164192735.36, 37.36, 52814
2, fes, 2053396825625.32, 37.97, 53718
2, fes, 2059387590797.48, 38.58, 54590
2, fes, 2056687808183.29, 39.19, 55482
2, fes, 2054567003689.07, 39.80, 56340
2, fes, 2049042238362.50, 40.41, 57182
2, fes, 2048293791686.91, 41.02, 58011
2, fes, 2051464996636.84, 41.63, 58855
2, fes, 2050090248644.44, 42.24, 59674
2, fes, 2056618286873.57, 42.85, 60511
2, fes, 2051829611905.36, 43.46, 61352
2, fes, 2046263301570.61, 44.07, 62188
2, fes, 2047954029544.94, 44.68, 62997
2, fes, 2047912030072.11, 45.29, 63848
2, fes, 2051034239797.59, 45.90, 64676
2, fes, 2050744316541.94, 46.51, 65498
2, fes, 2058657807215.14, 47.12, 66334
2, fes, 2056685844155.07, 47.73, 67167
2, fes, 2058591465849.33, 48.34, 67982
2, fes, 2063244806573.04, 48.95, 68809
2, fes, 2064022861260.03, 49.56, 69598
2, fes, 2064316338541.00, 50.17, 70444
2, fes, 2066068874987.66, 50.78, 71290
2, fes, 2067861472830.56, 51.39, 72101
2, fes, 2072805097589.40, 52.00, 72894
2, fes, 2072175717352.59, 52.61, 73734
2, fes, 2076486329902.27, 53.22, 74544
2, fes, 2075805007280.20, 53.83, 75395
2, fes, 2075411638461.02, 54.44, 76241
2, fes, 2072197045496.98, 55.05, 77088
2, fes, 2072017576822.04, 55.66, 77958
2, fes, 2070054437546.19, 56.27, 78826
2, fes, 2066965202413.60, 56.88, 79688
2, fes, 2068463945313.81, 57.49, 80544
2, fes, 2070396883044.17, 58.10, 81453
2, fes, 2071862394738.55, 58.71, 82328
2, fes, 2073499701802.60, 59.32, 83224
2, fes, 2076079617310.50, 59.93, 84087
3, fes, 6181728600295.06, 0.01, 12
3, fes, 2072695171332.82, 0.62, 897
3, fes, 1932756191778.73, 1.23, 1762
3, fes, 1934022925472.74, 1.84, 2622
3, fes, 2027117917782.42, 2.45, 3489
3, fes, 1993146303590.87, 3.06, 4386
3, fes, 1997843853949.14, 3.67, 5285
3, fes, 2048273985441.05, 4.27, 6149
3, fes, 2036629382553.56, 4.87, 7032
3, fes, 2016462925099.72, 5.47, 7931
3, fes, 2041624860788.15, 6.07, 8825
3, fes, 2045921434877.11, 6.67, 9703
3, fes, 2055001445862.17, 7.27, 10569
3, fes, 2050260057706.09, 7.87, 11464
3, fes, 2042242456318.49, 8.47, 12341
3, fes, 2045830716318.81, 9.07, 13208
3, fes, 2063195908289.32, 9.67, 14077
3, fes, 2049174220797.18, 10.27, 14969
3, fes, 2028736593368.97, 10.87, 15863
3, fes, 2018571904263.89, 11.47, 16741
3, fes, 2021474078840.56, 12.07, 17622
3, fes, 2041596877041.01, 12.67, 18470
3, fes, 2041118935257.26, 13.27, 19315
3, fes, 2042217264552.25, 13.87, 20142
3, fes, 2045996711010.58, 14.47, 20950
3, fes, 2050236516742.32, 15.07, 21753
3, fes, 2061511830656.18, 15.67, 22558
3, fes, 2065935941768.04, 16.27, 23318
3, fes, 2068113774360.42, 16.87, 24103
3, fes, 2068156588358.67, 17.47, 24900
3, fes, 2074465425997.78, 18.07, 25667
3, fes, 2064315132025.92, 18.67, 26447
3, fes, 2066093792473.19, 19.27, 27238
3, fes, 2065849794610.53, 19.87, 28040
3, fes, 2066717710201.96, 20.47, 28822
3, fes, 2069157290015.38, 21.07, 29599
3, fes, 2065374034225.57, 21.67, 30371
3, fes, 2063036975801.84, 22.27, 31142
3, fes, 2072538112834.32, 22.87, 31907
3, fes, 2070581691117.75, 23.47, 32718
3, fes, 2063438425205.84, 24.07, 33482
3, fes, 2064239822125.34, 24.67, 34269
3, fes, 2062492921891.83, 25.27, 35078
3, fes, 2055811846575.18, 25.87, 35912
3, fes, 2065321931881.42, 26.47, 36783
3, fes, 2075220991866.37, 27.07, 37651
3, fes, 2075359221210.52, 27.67, 38541
3, fes, 2083870558717.64, 28.27, 39427
3, fes, 2081233095976.56, 28.87, 40328
3, fes, 2081021913549.36, 29.47, 41203
3, fes, 2076206016157.81, 30.07, 42084
3, fes, 2070207446000.26, 30.67, 42942
3, fes, 2072007018393.94, 31.27, 43783
3, fes, 2079711490075.59, 31.87, 44641
3, fes, 2073782254664.61, 32.48, 45550
3, fes, 2070154113761.81, 33.09, 46446
3, fes, 2065630502202.68, 33.70, 47352
3, fes, 2068859134952.24, 34.31, 48272
3, fes, 2068559241824.18, 34.92, 49194
3, fes, 2067567713950.78, 35.53, 50090
3, fes, 2063766973301.08, 36.14, 50994
3, fes, 2060079405186.07, 36.75, 51894
3, fes, 2061243597553.74, 37.36, 52796
3, fes, 2057905010616.59, 37.97, 53690
3, fes, 2055724948877.75, 38.58, 54579
3, fes, 2061652543057.64, 39.19, 55477
3, fes, 2062505612096.61, 39.80, 56339
3, fes, 2056522535174.49, 40.41, 57206
3, fes, 2061292345017.64, 41.02, 58054
3, fes, 2057359380710.99, 41.63, 58924
3, fes, 2059337009827.67, 42.24, 59739
3, fes, 2065203149416.84, 42.85, 60547
3, fes, 2063517870007.19, 43.46, 61372
3, fes, 2065382813944.56, 44.07, 62192
3, fes, 2063717895091.45, 44.68, 63024
3, fes, 2064518392515.90, 45.29, 63849
3, fes, 2065084755605.05, 45.90, 64661
3, fes, 2065929415570.95, 46.51, 65499
3, fes, 2070282202746.96, 47.12, 66356
3, fes, 2066085679795.17, 47.73, 67208
3, fes, 2065668395602.71, 48.34, 68069
3, fes, 2064921173553.11, 48.95, 68906
3, fes, 2066690300432.27, 49.56, 69700
3, fes, 2068413435153.63, 50.17, 70525
3, fes, 2068349852281.99, 50.78, 71336
3, fes, 2070986297064.69, 51.39, 72140
3, fes, 2072685499157.91, 52.00, 72965
3, fes, 2073942271476.54, 52.61, 73802
3, fes, 2073562498560.09, 53.22, 74618
3, fes, 2075584314466.24, 53.83, 75470
3, fes, 2074276624394.46, 54.44, 76294
3, fes, 2072271865203.89, 55.05, 77159
3, fes, 2068454555012.64, 55.66, 78018
3, fes, 2064997650162.08, 56.27, 78882
3, fes, 2062399257856.23, 56.88, 79763
3, fes, 2063522411199.93, 57.49, 80651
3, fes, 2063041232464.25, 58.10, 81525
3, fes, 2057075213637.37, 58.71, 82393
3, fes, 2057157313167.78, 59.32, 83248
3, fes, 2057192773763.01, 59.93, 84145
4, fes, 4699396452521.48, 0.01, 13
4, fes, 2114131016308.87, 0.62, 870
4, fes, 2173873732644.38, 1.23, 1767
4, fes, 2091796139003.17, 1.84, 2621
4, fes, 2168652662584.01, 2.45, 3555
4, fes, 2111896722920.02, 3.06, 4432
4, fes, 2142381193520.64, 3.67, 5337
4, fes, 2166383291121.77, 4.27, 6223
4, fes, 2139758810801.95, 4.87, 7119
4, fes, 2186081893581.78, 5.47, 8010
4, fes, 2148279219424.99, 6.07, 8881
4, fes, 2131343513552.69, 6.67, 9766
4, fes, 2089419766476.55, 7.27, 10648
4, fes, 2079202789494.60, 7.87, 11525
4, fes, 2051746663428.75, 8.47, 12414
4, fes, 2054021507580.36, 9.07, 13300
4, fes, 2039614021483.58, 9.67, 14184
4, fes, 2023635512603.29, 10.27, 15083
4, fes, 2021879833348.77, 10.87, 15954
4, fes, 2023354485088.22, 11.47, 16853
4, fes, 2017703431483.68, 12.07, 17749
4, fes, 2023999186254.88, 12.67, 18610
4, fes, 2026603225313.77, 13.27, 19451
4, fes, 2013031493422.13, 13.87, 20285
4, fes, 2021306956754.55, 14.47, 21122
4, fes, 2023737457779.51, 15.07, 21902
4, fes, 2026496954264.81, 15.67, 22702
4, fes, 2023482129213.26, 16.27, 23493
4, fes, 2029697246853.77, 16.87, 24258
4, fes, 2022346359385.74, 17.47, 25053
4, fes, 2028023093247.90, 18.07, 25836
4, fes, 2018645024367.12, 18.67, 26617
4, fes, 2018598515956.94, 19.27, 27398
4, fes, 2019588997517.40, 19.87, 28170
4, fes, 2023838222443.28, 20.47, 28942
4, fes, 2017959873238.14, 21.07, 29721
4, fes, 2023325650801.46, 21.67, 30500
4, fes, 2028957013530.24, 22.27, 31278
4, fes, 2028011829296.58, 22.87, 32074
4, fes, 2040552417199.81, 23.47, 32851
4, fes, 2036585116702.78, 24.07, 33652
4, fes, 2035559942649.60, 24.67, 34442
4, fes, 2034317336085.10, 25.27, 35265
4, fes, 2033841582839.64, 25.87, 36118
4, fes, 2037582235133.87, 26.47, 36958
4, fes, 2041065640833.83, 27.07, 37828
4, fes, 2049452716098.77, 27.67, 38686
4, fes, 2050571906222.54, 28.27, 39564
4, fes, 2044983576116.27, 28.87, 40449
4, fes, 2038679093485.42, 29.47, 41321
4, fes, 2046753955123.05, 30.07, 42189
4, fes, 2048198088801.71, 30.67, 43030
4, fes, 2044442819542.92, 31.27, 43895
4, fes, 2052083215697.09, 31.87, 44751
4, fes, 2054658668399.90, 32.48, 45634
4, fes, 2057490317653.66, 33.09, 46523
4, fes, 2069188863920.87, 33.70, 47442
4, fes, 2067934003726.49, 34.31, 48339
4, fes, 2073048092995.37, 34.92, 49249
4, fes, 2072853721690.78, 35.53, 50140
4, fes, 2071253282930.20, 36.14, 51050
4, fes, 2077397987702.40, 36.75, 51933
4, fes, 2069834999380.92, 37.36, 52879
4, fes, 2077301865372.57, 37.97, 53753
4, fes, 2075119078805.63, 38.58, 54658
4, fes, 2074635757948.59, 39.19, 55533
4, fes, 2075694576100.45, 39.80, 56399
4, fes, 2071632857430.66, 40.41, 57266
4, fes, 2072957705549.38, 41.02, 58126
4, fes, 2071816581087.55, 41.63, 58992
4, fes, 2070190319364.20, 42.24, 59830
4, fes, 2070269466470.73, 42.85, 60667
4, fes, 2065755663964.55, 43.46, 61523
4, fes, 2069134567824.03, 44.07, 62347
4, fes, 2073756060903.03, 44.68, 63185
4, fes, 2071670422744.57, 45.29, 64019
4, fes, 2071502641505.04, 45.90, 64842
4, fes, 2067160933036.88, 46.51, 65693
4, fes, 2059580674454.02, 47.12, 66534
4, fes, 2061753487258.53, 47.73, 67380
4, fes, 2063441637005.75, 48.34, 68217
4, fes, 2063186270020.09, 48.95, 69075
4, fes, 2064145140793.14, 49.56, 69895
4, fes, 2064651826656.84, 50.17, 70714
4, fes, 2063979388290.51, 50.78, 71529
4, fes, 2068576814220.69, 51.39, 72353
4, fes, 2068613903322.06, 52.00, 73171
4, fes, 2069601309017.15, 52.61, 74011
4, fes, 2067286985635.33, 53.22, 74827
4, fes, 2065293143462.85, 53.83, 75669
4, fes, 2067623725665.93, 54.44, 76539
4, fes, 2066554130460.52, 55.05, 77395
4, fes, 2063357076471.01, 55.66, 78258
4, fes, 2061097739121.64, 56.27, 79128
4, fes, 2062368917783.96, 56.88, 79991
4, fes, 2062321428280.32, 57.49, 80860
4, fes, 2058124326361.86, 58.10, 81771
4, fes, 2058701080643.11, 58.71, 82656
4, fes, 2055669753626.93, 59.32, 83560
4, fes, 2055111151056.05, 59.93, 84432
5, fes, 4921609953873.39, 0.01, 16
5, fes, 2075559058885.12, 0.62, 895
5, fes, 1874232596772.46, 1.23, 1781
5, fes, 1983951278654.65, 1.84, 2672
5, fes, 1921722269788.74, 2.45, 3565
5, fes, 1959769492711.30, 3.06, 4460
5, fes, 1940404635656.53, 3.67, 5336
5, fes, 1993792149279.43, 4.27, 6190
5, fes, 1993408899610.07, 4.87, 7095
5, fes, 2018388860867.03, 5.47, 7973
5, fes, 2013810722638.88, 6.07, 8848
5, fes, 2003599368116.55, 6.67, 9726
5, fes, 1992090134303.90, 7.27, 10605
5, fes, 1993641191054.37, 7.87, 11479
5, fes, 1996951438384.06, 8.47, 12365
5, fes, 1999542913617.30, 9.07, 13276
5, fes, 2018841943936.81, 9.67, 14174
5, fes, 2014064687130.82, 10.27, 15040
5, fes, 1990879529457.89, 10.87, 15948
5, fes, 1987285716210.87, 11.47, 16854
5, fes, 1982221276444.39, 12.07, 17736
5, fes, 1989707417300.03, 12.67, 18611
5, fes, 1984716027439.15, 13.27, 19458
5, fes, 1990999446726.35, 13.87, 20277
5, fes, 2002844825722.72, 14.47, 21101
5, fes, 2016423541037.55, 15.07, 21889
5, fes, 2015033669841.59, 15.67, 22678
5, fes, 2018253239034.52, 16.27, 23450
5, fes, 2014189593878.33, 16.87, 24258
5, fes, 2019907894830.06, 17.47, 25032
5, fes, 2029879774789.23, 18.07, 25806
5, fes, 2034171045500.43, 18.67, 26571
5, fes, 2030861003761.75, 19.27, 27354
5, fes, 2023841500952.20, 19.87, 28138
5, fes, 2027395871998.85, 20.47, 28927
5, fes, 2023743235248.44, 21.08, 29719
5, fes, 2029412410996.66, 21.68, 30501
5, fes, 2030320102701.51, 22.28, 31287
5, fes, 2032170300668.33, 22.88, 32065
5, fes, 2034854390815.08, 23.48, 32855
5, fes, 2033149868081.97, 24.08, 33659
5, fes, 2032998980620.75, 24.68, 34436
5, fes, 2031559828447.79, 25.28, 35250
5, fes, 2033523593393.50, 25.88, 36089
5, fes, 2030896266284.30, 26.48, 36959
5, fes, 2025405572085.37, 27.08, 37865
5, fes, 2024883009756.48, 27.68, 38763
5, fes, 2029700840917.00, 28.28, 39655
5, fes, 2030492826502.66, 28.88, 40537
5, fes, 2030391835431.44, 29.48, 41436
5, fes, 2032948359428.90, 30.08, 42298
5, fes, 2031905808762.69, 30.68, 43143
5, fes, 2032332085739.02, 31.28, 43988
5, fes, 2034874371702.75, 31.88, 44859
5, fes, 2039761056181.02, 32.49, 45763
5, fes, 2038861926237.41, 33.10, 46664
5, fes, 2034435297178.10, 33.71, 47584
5, fes, 2032571138345.06, 34.32, 48499
5, fes, 2034815726811.51, 34.93, 49413
5, fes, 2031401764204.70, 35.54, 50312
5, fes, 2032745553296.63, 36.15, 51229
5, fes, 2029778399378.48, 36.76, 52170
5, fes, 2027636461535.22, 37.37, 53041
5, fes, 2026047894746.18, 37.98, 53930
5, fes, 2021978572064.34, 38.59, 54843
5, fes, 2023273225193.07, 39.20, 55729
5, fes, 2021909435407.04, 39.81, 56598
5, fes, 2029505463874.96, 40.42, 57477
5, fes, 2028562898070.71, 41.03, 58349
5, fes, 2028664625986.18, 41.64, 59198
5, fes, 2026654332425.60, 42.25, 60038
5, fes, 2024099643036.27, 42.86, 60889
5, fes, 2025338763049.50, 43.47, 61705
5, fes, 2026407088489.57, 44.08, 62503
5, fes, 2022621930644.66, 44.69, 63380
5, fes, 2021455312223.00, 45.30, 64228
5, fes, 2025846137784.60, 45.91, 65033
5, fes, 2023801166757.73, 46.52, 65865
5, fes, 2022880476243.18, 47.13, 66715
5, fes, 2022644268483.36, 47.74, 67555
5, fes, 2023629653716.22, 48.35, 68398
5, fes, 2030884509091.04, 48.96, 69241
5, fes, 2031672932977.94, 49.57, 70057
5, fes, 2030564023010.79, 50.18, 70898
5, fes, 2032740406807.78, 50.79, 71702
5, fes, 2038276209939.51, 51.40, 72508
5, fes, 2033936564829.93, 52.01, 73327
5, fes, 2034630167791.94, 52.62, 74136
5, fes, 2033991518886.01, 53.23, 74951
5, fes, 2031392302614.00, 53.84, 75777
5, fes, 2028515915524.72, 54.45, 76624
5, fes, 2031440615493.31, 55.06, 77506
5, fes, 2035851551227.23, 55.67, 78347
5, fes, 2038209047330.75, 56.28, 79199
5, fes, 2039061369683.03, 56.89, 80045
5, fes, 2038521960658.22, 57.50, 80926
5, fes, 2041981754981.72, 58.11, 81790
5, fes, 2040007727428.66, 58.72, 82679
5, fes, 2040212091777.62, 59.33, 83535
5, fes, 2048778206276.92, 59.94, 84404
6, fes, 7168590523689.09, 0.01, 13
6, fes, 1964403853173.92, 0.62, 882
6, fes, 2055374957135.73, 1.23, 1754
6, fes, 2088537303996.64, 1.84, 2650
6, fes, 2059694956928.61, 2.45, 3543
6, fes, 2065133945008.84, 3.06, 4425
6, fes, 2051499864879.08, 3.67, 5307
6, fes, 2074855524889.16, 4.27, 6168
6, fes, 2074082166139.65, 4.87, 7040
6, fes, 2090880876528.77, 5.47, 7926
6, fes, 2066731586300.03, 6.07, 8816
6, fes, 2069918665856.65, 6.67, 9713
6, fes, 2049275337131.82, 7.27, 10600
6, fes, 2065441348065.35, 7.87, 11493
6, fes, 2044592612058.78, 8.47, 12386
6, fes, 2042520723459.17, 9.07, 13269
6, fes, 2054539253289.53, 9.67, 14178
6, fes, 2052333452592.58, 10.27, 15037
6, fes, 2046591463417.17, 10.87, 15926
6, fes, 2040296013794.87, 11.47, 16813
6, fes, 2033812626382.29, 12.07, 17684
6, fes, 2023776857781.01, 12.67, 18551
6, fes, 2037620429815.50, 13.27, 19382
6, fes, 2039306204160.27, 13.87, 20194
6, fes, 2034947485289.52, 14.47, 20982
6, fes, 2045454529653.91, 15.07, 21758
6, fes, 2043530572381.70, 15.67, 22544
6, fes, 2036190529258.04, 16.27, 23329
6, fes, 2040734534751.52, 16.87, 24137
6, fes, 2045324315024.36, 17.47, 24940
6, fes, 2050494233845.58, 18.07, 25731
6, fes, 2048336697104.08, 18.67, 26501
6, fes, 2052777628762.76, 19.27, 27302
6, fes, 2037870926874.16, 19.87, 28070
6, fes, 2050525040249.91, 20.47, 28855
6, fes, 2049336766944.23, 21.07, 29639
6, fes, 2050931178795.07, 21.67, 30429
6, fes, 2043967547031.77, 22.27, 31237
6, fes, 2028803207530.20, 22.87, 32036
6, fes, 2029299136236.81, 23.47, 32808
6, fes, 2025347116431.18, 24.07, 33606
6, fes, 2025297393650.85, 24.67, 34432
6, fes, 2021188947178.80, 25.27, 35293
6, fes, 2023281460091.60, 25.87, 36159
6, fes, 2031238188234.20, 26.47, 37042
6, fes, 2027372336052.02, 27.07, 37927
6, fes, 2029142173118.42, 27.67, 38832
6, fes, 2023989647841.81, 28.27, 39704
6, fes, 2019753688985.06, 28.87, 40574
6, fes, 2014315668063.44, 29.47, 41469
6, fes, 2011851163087.63, 30.07, 42319
6, fes, 2010808123274.85, 30.67, 43178
6, fes, 2009408927190.60, 31.27, 44049
6, fes, 2011363780178.33, 31.87, 44935
6, fes, 2018518055327.80, 32.48, 45837
6, fes, 2016178827176.83, 33.09, 46767
6, fes, 2014645101178.11, 33.70, 47681
6, fes, 2020857144870.96, 34.31, 48579
6, fes, 2024818747433.85, 34.92, 49488
6, fes, 2022963786578.09, 35.53, 50410
6, fes, 2021356867411.34, 36.14, 51328
6, fes, 2016779863192.53, 36.75, 52215
6, fes, 2019628966728.10, 37.36, 53118
6, fes, 2014097214283.52, 37.97, 54033
6, fes, 2018235947554.35, 38.58, 54906
6, fes, 2024096790177.80, 39.19, 55759
6, fes, 2027325800093.14, 39.80, 56631
6, fes, 2029553478325.32, 40.41, 57475
6, fes, 2024159767284.38, 41.02, 58328
6, fes, 2020314932664.21, 41.63, 59169
6, fes, 2022380051669.46, 42.24, 60005
6, fes, 2022769342015.14, 42.85, 60822
6, fes, 2025029450249.64, 43.46, 61667
6, fes, 2028377177093.03, 44.07, 62496
6, fes, 2028144588081.20, 44.68, 63308
6, fes, 2033835038126.22, 45.29, 64124
6, fes, 2035211845931.66, 45.90, 64954
6, fes, 2041555621041.79, 46.51, 65780
6, fes, 2044332647408.98, 47.12, 66649
6, fes, 2047761397372.89, 47.73, 67473
6, fes, 2044475295842.99, 48.34, 68317
6, fes, 2044961770161.26, 48.95, 69183
6, fes, 2046421336951.04, 49.56, 70008
6, fes, 2044628888806.32, 50.17, 70813
6, fes, 2043902608268.51, 50.78, 71632
6, fes, 2042576079830.36, 51.39, 72417
6, fes, 2040878408840.03, 52.00, 73228
6, fes, 2042571746540.77, 52.61, 74032
6, fes, 2040150568439.82, 53.22, 74886
6, fes, 2041217331260.33, 53.83, 75732
6, fes, 2039956359906.88, 54.44, 76600
6, fes, 2042642204975.21, 55.05, 77464
6, fes, 2045958414665.45, 55.66, 78333
6, fes, 2046969525482.02, 56.27, 79176
6, fes, 2046395396462.16, 56.88, 80052
6, fes, 2044647146797.06, 57.49, 80930
6, fes, 2042423223642.29, 58.10, 81799
6, fes, 2044087999055.69, 58.71, 82667
6, fes, 2043369421877.76, 59.32, 83542
6, fes, 2044623834325.11, 59.93, 84410
7, fes, 7251106102133.87, 0.01, 13
7, fes, 1936642102602.91, 0.62, 904
7, fes, 1942285116959.79, 1.23, 1760
7, fes, 2114485782330.91, 1.84, 2650
7, fes, 2156184267154.04, 2.45, 3536
7, fes, 2077863275039.62, 3.06, 4410
7, fes, 2026713810096.52, 3.67, 5300
7, fes, 2034824837263.87, 4.27, 6184
7, fes, 2029683699912.62, 4.87, 7058
7, fes, 2026556986170.08, 5.47, 7951
7, fes, 2039880019720.26, 6.07, 8846
7, fes, 2015299064910.21, 6.67, 9720
7, fes, 2036463237960.50, 7.27, 10590
7, fes, 2033364654183.01, 7.87, 11517
7, fes, 2042425937999.79, 8.47, 12409
7, fes, 2032878919184.16, 9.07, 13288
7, fes, 2014121684790.15, 9.67, 14208
7, fes, 2006198664122.79, 10.27, 15085
7, fes, 1996954083812.74, 10.87, 15980
7, fes, 2001530904086.91, 11.47, 16866
7, fes, 2004719638628.39, 12.07, 17723
7, fes, 1989030839183.94, 12.67, 18578
7, fes, 1994952261454.50, 13.27, 19377
7, fes, 1990712788805.79, 13.87, 20172
7, fes, 2006331595750.86, 14.47, 20972
7, fes, 2009987529512.23, 15.07, 21783
7, fes, 2008625674865.92, 15.67, 22554
7, fes, 2002053951824.64, 16.27, 23336
7, fes, 2016629157708.44, 16.87, 24108
7, fes, 2011096224433.12, 17.47, 24892
7, fes, 2008385693608.98, 18.07, 25693
7, fes, 2018884912361.38, 18.67, 26492
7, fes, 2018879298197.53, 19.27, 27271
7, fes, 2018532357216.26, 19.87, 28073
7, fes, 2022859234312.84, 20.47, 28841
7, fes, 2014200398003.17, 21.07, 29650
7, fes, 2010895719448.31, 21.67, 30420
7, fes, 2005464614256.44, 22.27, 31206
7, fes, 2011612122275.95, 22.87, 32014
7, fes, 2013571083581.39, 23.47, 32811
7, fes, 2016432679442.93, 24.07, 33625
7, fes, 2013862066895.98, 24.67, 34468
7, fes, 2015062252558.29, 25.27, 35321
7, fes, 2012719796233.29, 25.87, 36199
7, fes, 2013251584730.69, 26.47, 37058
7, fes, 2008246160494.20, 27.07, 37938
7, fes, 2010925329115.00, 27.67, 38806
7, fes, 2008316190581.17, 28.27, 39699
7, fes, 2009564284239.82, 28.87, 40576
7, fes, 2014360886407.09, 29.47, 41436
7, fes, 2012617843199.75, 30.07, 42289
7, fes, 2011414509811.99, 30.67, 43158
7, fes, 2005067551583.03, 31.27, 44047
7, fes, 2006938352019.66, 31.87, 44918
7, fes, 2001884997017.52, 32.48, 45842
7, fes, 2007612128571.20, 33.09, 46756
7, fes, 2000192855324.61, 33.70, 47686
7, fes, 2005460091760.71, 34.31, 48579
7, fes, 2006187403927.92, 34.92, 49491
7, fes, 2008475473432.16, 35.53, 50395
7, fes, 2014384100060.40, 36.14, 51291
7, fes, 2015428529762.30, 36.75, 52209
7, fes, 2014427121911.75, 37.36, 53117
7, fes, 2018510630300.46, 37.97, 54042
7, fes, 2019988241356.35, 38.58, 54926
7, fes, 2019538044495.24, 39.19, 55801
7, fes, 2016851819503.62, 39.80, 56670
7, fes, 2014574172926.70, 40.41, 57537
7, fes, 2012818428259.48, 41.02, 58389
7, fes, 2008996298083.67, 41.63, 59227
7, fes, 2013293140682.62, 42.24, 60058
7, fes, 2013411887277.11, 42.85, 60931
7, fes, 2014807570998.05, 43.46, 61778
7, fes, 2011060167544.66, 44.07, 62628
7, fes, 2009308717365.68, 44.68, 63465
7, fes, 2010127925804.07, 45.29, 64313
7, fes, 2014198345874.30, 45.90, 65155
7, fes, 2015533131086.34, 46.51, 65989
7, fes, 2018056733492.10, 47.12, 66831
7, fes, 2018910856622.37, 47.73, 67688
7, fes, 2019725719917.87, 48.34, 68531
7, fes, 2018405555473.83, 48.95, 69337
7, fes, 2019011913693.11, 49.56, 70154
7, fes, 2018292777869.38, 50.17, 70982
7, fes, 2016887134146.48, 50.78, 71799
7, fes, 2015968779144.59, 51.39, 72604
7, fes, 2021321540324.97, 52.00, 73425
7, fes, 2021308552750.96, 52.61, 74261
7, fes, 2018733797230.85, 53.22, 75087
7, fes, 2019886974260.78, 53.83, 75949
7, fes, 2019069038422.40, 54.44, 76811
7, fes, 2022202538486.46, 55.05, 77701
7, fes, 2019704695323.32, 55.66, 78588
7, fes, 2016512302563.22, 56.27, 79476
7, fes, 2015570627714.14, 56.88, 80350
7, fes, 2017213088970.01, 57.49, 81252
7, fes, 2018750226477.97, 58.10, 82145
7, fes, 2018252993177.93, 58.71, 83023
7, fes, 2016360411309.43, 59.32, 83926
7, fes, 2014069751295.22, 59.93, 84812
8, fes, 1645574704184.11, 0.01, 14
8, fes, 2182891956493.20, 0.62, 896
8, fes, 1930303784091.04, 1.23, 1788
8, fes, 2069894938524.53, 1.84, 2680
8, fes, 2008068992608.43, 2.45, 3588
8, fes, 2006063347798.64, 3.06, 4495
8, fes, 1990274361218.72, 3.67, 5384
8, fes, 2008769542275.07, 4.27, 6251
8, fes, 2037588513272.80, 4.87, 7144
8, fes, 2094378907325.92, 5.47, 8009
8, fes, 2068838504441.05, 6.07, 8879
8, fes, 2070217922846.93, 6.67, 9762
8, fes, 2032255336606.14, 7.27, 10648
8, fes, 2047177516420.53, 7.87, 11535
8, fes, 2041078605176.12, 8.47, 12457
8, fes, 2043219169428.09, 9.07, 13345
8, fes, 2022371729033.62, 9.67, 14230
8, fes, 2005669105976.75, 10.27, 15143
8, fes, 1992333027256.38, 10.87, 16039
8, fes, 2011418379438.55, 11.47, 16920
8, fes, 2003633525852.12, 12.07, 17785
8, fes, 2008429992089.05, 12.67, 18600
8, fes, 2018925069240.13, 13.27, 19429
8, fes, 2041692531497.51, 13.87, 20247
8, fes, 2024148199818.89, 14.47, 21047
8, fes, 2023848985828.25, 15.07, 21823
8, fes, 2031493545136.31, 15.67, 22586
8, fes, 2019897463209.73, 16.27, 23392
8, fes, 2025743812691.29, 16.87, 24167
8, fes, 2022143910360.22, 17.47, 24955
8, fes, 2016684181206.17, 18.07, 25731
8, fes, 2024990049223.84, 18.67, 26508
8, fes, 2030707286781.34, 19.27, 27288
8, fes, 2033093828834.25, 19.87, 28075
8, fes, 2040437636041.37, 20.47, 28882
8, fes, 2041048939302.36, 21.07, 29641
8, fes, 2032163365403.63, 21.67, 30428
8, fes, 2035893585124.33, 22.27, 31217
8, fes, 2039969605003.45, 22.87, 31997
8, fes, 2043861027331.74, 23.47, 32769
8, fes, 2043341475677.67, 24.07, 33585
8, fes, 2040709617347.04, 24.67, 34422
8, fes, 2037909947896.61, 25.27, 35314
8, fes, 2038579481278.06, 25.87, 36194
8, fes, 2037117234561.25, 26.47, 37050
8, fes, 2032423943174.50, 27.07, 37943
8, fes, 2029558348411.67, 27.67, 38843
8, fes, 2028568961659.55, 28.27, 39750
8, fes, 2025863685544.49, 28.87, 40632
8, fes, 2029643343977.98, 29.47, 41489
8, fes, 2028503567886.94, 30.07, 42347
8, fes, 2023578082835.96, 30.67, 43225
8, fes, 2020879944368.59, 31.27, 44108
8, fes, 2019023429785.30, 31.87, 45003
8, fes, 2021349628269.08, 32.48, 45906
8, fes, 2021695313260.22, 33.09, 46831
8, fes, 2023611221991.88, 33.70, 47766
8, fes, 2025061944756.19, 34.31, 48702
8, fes, 2025808947336.96, 34.92, 49603
8, fes, 2029862616096.39, 35.53, 50509
8, fes, 2025357355560.13, 36.14, 51431
8, fes, 2021483080261.73, 36.75, 52337
8, fes, 2014708976675.17, 37.36, 53252
8, fes, 2007907085131.14, 37.97, 54154
8, fes, 2007954922810.71, 38.58, 55072
8, fes, 2006797451441.73, 39.19, 55952
8, fes, 2008320123603.87, 39.80, 56825
8, fes, 2018681244300.90, 40.41, 57674
8, fes, 2024315721744.38, 41.02, 58504
8, fes, 2020899422093.50, 41.63, 59356
8, fes, 2024055260310.34, 42.24, 60161
8, fes, 2022102769982.40, 42.85, 61024
8, fes, 2024597890239.10, 43.46, 61871
8, fes, 2023826557730.31, 44.07, 62703
8, fes, 2023068208032.77, 44.68, 63530
8, fes, 2022816140456.76, 45.29, 64379
8, fes, 2025443482510.63, 45.90, 65209
8, fes, 2021382698311.80, 46.51, 66065
8, fes, 2022959248794.07, 47.12, 66926
8, fes, 2019351506392.06, 47.73, 67772
8, fes, 2020753115435.42, 48.34, 68580
8, fes, 2022841408918.54, 48.95, 69417
8, fes, 2022804388638.04, 49.56, 70261
8, fes, 2021085051579.98, 50.17, 71094
8, fes, 2020056601076.45, 50.78, 71900
8, fes, 2017008470481.15, 51.39, 72731
8, fes, 2016869995348.59, 52.00, 73560
8, fes, 2017679658822.36, 52.61, 74420
8, fes, 2015317064650.04, 53.22, 75251
8, fes, 2014586915343.47, 53.83, 76108
8, fes, 2012439415346.76, 54.44, 76988
8, fes, 2014792522358.47, 55.05, 77859
8, fes, 2012556168827.57, 55.66, 78736
8, fes, 2008724265598.11, 56.27, 79623
8, fes, 2007073190984.29, 56.88, 80499
8, fes, 2008406218410.02, 57.49, 81379
8, fes, 2005819040370.54, 58.10, 82263
8, fes, 2005814218795.11, 58.71, 83135
8, fes, 2007857254037.76, 59.32, 84024
8, fes, 2008406885152.14, 59.93, 84908
9, fes, 1608019975923.10, 0.01, 18
9, fes, 2008601990330.59, 0.62, 884
9, fes, 2098224353487.79, 1.23, 1777
9, fes, 2070677640102.68, 1.84, 2682
9, fes, 1947474700966.82, 2.45, 3584
9, fes, 2006477669626.38, 3.06, 4470
9, fes, 2004002731101.75, 3.67, 5370
9, fes, 2044388171571.37, 4.27, 6254
9, fes, 2061199421945.21, 4.87, 7128
9, fes, 2033959535172.17, 5.47, 8012
9, fes, 2026277508446.81, 6.07, 8880
9, fes, 2010015905500.70, 6.67, 9768
9, fes, 2067389567147.05, 7.27, 10647
9, fes, 2088408656719.89, 7.87, 11527
9, fes, 2101071114183.70, 8.47, 12448
9, fes, 2078686308368.59, 9.07, 13354
9, fes, 2096412774073.72, 9.67, 14248
9, fes, 2107509752522.78, 10.27, 15147
9, fes, 2108968008839.39, 10.87, 16037
9, fes, 2109411672131.11, 11.47, 16917
9, fes, 2114285062739.68, 12.07, 17775
9, fes, 2106224321684.93, 12.67, 18614
9, fes, 2090431564069.45, 13.27, 19443
9, fes, 2091493337802.94, 13.87, 20230
9, fes, 2092526555419.28, 14.47, 20989
9, fes, 2085917290034.73, 15.07, 21791
9, fes, 2072592422864.38, 15.67, 22590
9, fes, 2066654995793.40, 16.27, 23393
9, fes, 2084511429184.58, 16.87, 24162
9, fes, 2087170640877.44, 17.47, 24956
9, fes, 2084440069053.81, 18.07, 25738
9, fes, 2079294624936.54, 18.67, 26509
9, fes, 2077828622623.34, 19.27, 27300
9, fes, 2080456547986.64, 19.87, 28073
9, fes, 2086336891187.15, 20.47, 28855
9, fes, 2080571050331.85, 21.07, 29623
9, fes, 2078266622421.22, 21.67, 30425
9, fes, 2083826063219.15, 22.27, 31195
9, fes, 2083450990761.62, 22.87, 31979
9, fes, 2077541476207.39, 23.47, 32757
9, fes, 2073731321163.21, 24.07, 33568
9, fes, 2073813209382.74, 24.67, 34441
9, fes, 2081652642632.21, 25.27, 35305
9, fes, 2077484555850.29, 25.87, 36162
9, fes, 2084504312463.09, 26.47, 37049
9, fes, 2080397681474.72, 27.07, 37971
9, fes, 2081267229495.66, 27.67, 38841
9, fes, 2082810536436.21, 28.27, 39734
9, fes, 2079719087833.36, 28.87, 40643
9, fes, 2070408288799.94, 29.47, 41519
9, fes, 2069502136056.95, 30.07, 42389
9, fes, 2069193812959.31, 30.67, 43237
9, fes, 2067397213614.49, 31.27, 44125
9, fes, 2062626203671.17, 31.87, 45018
9, fes, 2064820505449.59, 32.48, 45910
9, fes, 2062005426608.81, 33.09, 46821
9, fes, 2060442079519.03, 33.70, 47756
9, fes, 2057657994692.45, 34.31, 48677
9, fes, 2055740220130.77, 34.92, 49593
9, fes, 2058644442320.93, 35.53, 50494
9, fes, 2061278655456.89, 36.14, 51397
9, fes, 2064282134395.91, 36.75, 52294
9, fes, 2063307120187.91, 37.36, 53179
9, fes, 2059885067770.59, 37.97, 54101
9, fes, 2055062986786.88, 38.58, 54997
9, fes, 2055022229841.84, 39.19, 55872
9, fes, 2053165240047.77, 39.80, 56744
9, fes, 2055255727207.26, 40.41, 57628
9, fes, 2057785713153.40, 41.02, 58475
9, fes, 2053876986406.05, 41.63, 59342
9, fes, 2049907078136.09, 42.24, 60173
9, fes, 2052152749949.22, 42.85, 60996
9, fes, 2050114257972.75, 43.46, 61834
9, fes, 2046227824199.96, 44.07, 62690
9, fes, 2047705177647.19, 44.68, 63517
9, fes, 2050393172353.60, 45.29, 64364
9, fes, 2052225088281.09, 45.90, 65202
9, fes, 2053088900253.24, 46.51, 66058
9, fes, 2053301746651.05, 47.12, 66891
9, fes, 2050085571892.44, 47.73, 67731
9, fes, 2049212471440.46, 48.34, 68565
9, fes, 2048199499949.85, 48.95, 69388
9, fes, 2048190257856.45, 49.56, 70198
9, fes, 2049006121317.95, 50.17, 70998
9, fes, 2050436575659.65, 50.78, 71842
9, fes, 2048866039811.30, 51.39, 72666
9, fes, 2046124449556.93, 52.00, 73497
9, fes, 2043758059919.08, 52.61, 74344
9, fes, 2043909321447.71, 53.22, 75192
9, fes, 2043064759730.75, 53.83, 76026
9, fes, 2042451776603.11, 54.44, 76892
9, fes, 2043815786366.44, 55.05, 77782
9, fes, 2045240771210.18, 55.66, 78638
9, fes, 2047994425250.67, 56.27, 79533
9, fes, 2051974986809.06, 56.88, 80429
9, fes, 2050236500064.57, 57.49, 81324
9, fes, 2050871663492.77, 58.10, 82227
9, fes, 2048422882535.01, 58.71, 83126
9, fes, 2049261806388.45, 59.32, 84006
9, fes, 2052289399979.89, 59.93, 84902
10, fes, 437021058178.52, 0.01, 14
10, fes, 1853123240623.07, 0.62, 903
10, fes, 2028802400616.24, 1.23, 1788
10, fes, 2026393467830.23, 1.84, 2666
10, fes, 2080344236794.06, 2.45, 3538
10, fes, 2061329524452.77, 3.06, 4421
10, fes, 2041230326897.22, 3.67, 5307
10, fes, 2067489941571.48, 4.27, 6163
10, fes, 2071392978951.63, 4.87, 7032
10, fes, 2103600378025.32, 5.47, 7918
10, fes, 2140272093175.19, 6.07, 8794
10, fes, 2120525188313.30, 6.67, 9701
10, fes, 2089212455556.91, 7.27, 10570
10, fes, 2084553783420.49, 7.87, 11476
10, fes, 2096259765842.52, 8.47, 12381
10, fes, 2084739473439.32, 9.07, 13247
10, fes, 2084622514026.30, 9.67, 14123
10, fes, 2072946153452.82, 10.27, 14989
10, fes, 2081764770892.05, 10.87, 15871
10, fes, 2077630387570.29, 11.47, 16741
10, fes, 2081483151677.02, 12.07, 17582
10, fes, 2075950180530.34, 12.67, 18410
10, fes, 2075317579202.07, 13.27, 19216
10, fes, 2067788668077.22, 13.87, 20053
10, fes, 2058391789961.11, 14.47, 20861
10, fes, 2047195527703.90, 15.07, 21669
10, fes, 2048962257061.77, 15.67, 22487
10, fes, 2040041489311.88, 16.27, 23276
10, fes, 2035488958261.46, 16.87, 24058
10, fes, 2046916340429.55, 17.47, 24843
10, fes, 2045588278464.49, 18.07, 25607
10, fes, 2039901769074.15, 18.67, 26388
10, fes, 2034955950622.13, 19.27, 27179
10, fes, 2032658496783.55, 19.87, 27966
10, fes, 2036528181447.04, 20.47, 28738
10, fes, 2038001013496.68, 21.07, 29499
10, fes, 2028705602367.93, 21.67, 30279
10, fes, 2037388880182.55, 22.27, 31055
10, fes, 2038767774209.82, 22.87, 31844
10, fes, 2039009273610.41, 23.47, 32659
10, fes, 2049142811877.05, 24.07, 33470
10, fes, 2049100305037.97, 24.67, 34338
10, fes, 2051139758862.54, 25.27, 35170
10, fes, 2050781544159.66, 25.87, 36059
10, fes, 2057605516440.06, 26.47, 36945
10, fes, 2053313985807.44, 27.07, 37853
10, fes, 2047793027497.59, 27.67, 38791
10, fes, 2047079427709.95, 28.27, 39661
10, fes, 2045763452851.51, 28.87, 40538
10, fes, 2045700743600.12, 29.47, 41399
10, fes, 2042512344373.06, 30.07, 42267
10, fes, 2043660863004.39, 30.67, 43143
10, fes, 2050482784058.67, 31.27, 44032
10, fes, 2070439405158.50, 31.87, 44922
10, fes, 2064653743787.10, 32.48, 45810
10, fes, 2065856617386.98, 33.09, 46691
10, fes, 2064257074484.77, 33.70, 47612
10, fes, 2061767659062.78, 34.31, 48542
10, fes, 2060233077988.40, 34.92, 49452
10, fes, 2056110069857.10, 35.53, 50383
10, fes, 2052741082996.30, 36.14, 51278
10, fes, 2048741659441.19, 36.75, 52194
10, fes, 2047454040818.72, 37.36, 53122
10, fes, 2056878839878.62, 37.97, 53968
10, fes, 2053647710189.48, 38.58, 54883
10, fes, 2051328136176.59, 39.19, 55753
10, fes, 2055727121904.99, 39.80, 56604
10, fes, 2048867434446.54, 40.41, 57461
10, fes, 2047849295567.72, 41.02, 58293
10, fes, 2050734867244.50, 41.63, 59127
10, fes, 2049101940592.78, 42.24, 59964
10, fes, 2051285195442.33, 42.85, 60790
10, fes, 2052542357875.79, 43.46, 61630
10, fes, 2048333407660.99, 44.07, 62459
10, fes, 2047517897973.03, 44.68, 63317
10, fes, 2046518128995.95, 45.29, 64144
10, fes, 2047328625400.57, 45.90, 65024
10, fes, 2047676247178.43, 46.51, 65871
10, fes, 2044170683550.98, 47.12, 66725
10, fes, 2043937492204.18, 47.73, 67559
10, fes, 2042632868607.25, 48.34, 68419
10, fes, 2040606311705.51, 48.95, 69238
10, fes, 2040829576595.99, 49.56, 70072
10, fes, 2036342328783.54, 50.17, 70882
10, fes, 2036253980553.35, 50.78, 71686
10, fes, 2034540325398.25, 51.39, 72508
10, fes, 2031180505145.42, 52.00, 73331
10, fes, 2030616566387.64, 52.61, 74174
10, fes, 2032309301921.72, 53.22, 75030
10, fes, 2034713334668.93, 53.83, 75893
10, fes, 2034671607513.19, 54.44, 76751
10, fes, 2031787930438.83, 55.05, 77649
10, fes, 2030245569936.09, 55.66, 78509
10, fes, 2027801456796.18, 56.27, 79385
10, fes, 2028478163865.76, 56.88, 80254
10, fes, 2027199156541.10, 57.49, 81152
10, fes, 2033261216471.76, 58.10, 82024
10, fes, 2032833336174.54, 58.71, 82890
10, fes, 2034241624299.14, 59.32, 83756
10, fes, 2036771467662.79, 59.93, 84622
11, fes, 854769944612.99, 0.01, 15
11, fes, 1842811123548.69, 0.62, 893
11, fes, 1869669914662.31, 1.23, 1792
11, fes, 1848435178497.54, 1.84, 2656
11, fes, 1872856827115.14, 2.45, 3550
11, fes, 1871957688349.99, 3.06, 4432
11, fes, 1881603503045.01, 3.67, 5334
11, fes, 1930112396876.42, 4.27, 6207
11, fes, 1947919798272.32, 4.87, 7086
11, fes, 1936589794963.78, 5.47, 7973
11, fes, 1938793461238.42, 6.07, 8859
11, fes, 1918145683044.72, 6.67, 9754
11, fes, 1909713212905.00, 7.27, 10669
11, fes, 1928827529732.61, 7.87, 11563
11, fes, 1945603510292.14, 8.47, 12447
11, fes, 1966568439581.43, 9.07, 13322
11, fes, 1965986368269.76, 9.67, 14201
11, fes, 1973603401576.80, 10.27, 15069
11, fes, 1968593333258.01, 10.87, 15953
11, fes, 1975010285587.68, 11.47, 16835
11, fes, 1988805919629.74, 12.07, 17672
11, fes, 1976366296431.03, 12.67, 18502
11, fes, 1986011230459.78, 13.27, 19334
11, fes, 1993435201778.93, 13.87, 20117
11, fes, 1993569673243.29, 14.47, 20918
11, fes, 1978483055198.51, 15.07, 21724
11, fes, 1981168888516.83, 15.67, 22535
11, fes, 1986333605633.89, 16.27, 23328
11, fes, 1988772265516.30, 16.87, 24103
11, fes, 1994771302782.35, 17.47, 24891
11, fes, 2001294925009.14, 18.07, 25663
11, fes, 2000741004307.07, 18.67, 26425
11, fes, 2004047080499.05, 19.27, 27204
11, fes, 2001626080800.50, 19.87, 27982
11, fes, 1999120321686.35, 20.47, 28755
11, fes, 2002240637846.98, 21.07, 29521
11, fes, 1997358864711.53, 21.67, 30337
11, fes, 1992262038895.30, 22.27, 31104
11, fes, 1993179376966.42, 22.87, 31907
11, fes, 1991601515748.08, 23.47, 32695
11, fes, 1998786731801.08, 24.07, 33522
11, fes, 1999213342857.50, 24.67, 34351
11, fes, 2001663671928.70, 25.27, 35217
11, fes, 2004329917915.39, 25.87, 36077
11, fes, 2014532297935.68, 26.47, 36952
11, fes, 2013334235667.24, 27.07, 37841
11, fes, 2015421071313.39, 27.67, 38717
11, fes, 2022452813017.88, 28.27, 39596
11, fes, 2025828892380.16, 28.87, 40475
11, fes, 2028110010459.56, 29.47, 41350
11, fes, 2026036871711.19, 30.07, 42205
11, fes, 2028971703427.97, 30.67, 43073
11, fes, 2024162217716.84, 31.27, 43965
11, fes, 2020834333405.29, 31.87, 44868
11, fes, 2016163192233.13, 32.48, 45749
11, fes, 2017652326388.02, 33.09, 46661
11, fes, 2022468908723.15, 33.70, 47552
11, fes, 2025377270073.97, 34.31, 48449
11, fes, 2022387770211.14, 34.92, 49356
11, fes, 2027924447313.37, 35.53, 50261
11, fes, 2031491151144.56, 36.14, 51159
11, fes, 2027121331853.73, 36.75, 52069
11, fes, 2022892781206.75, 37.36, 52952
11, fes, 2023669300888.14, 37.97, 53849
11, fes, 2023732672159.03, 38.58, 54732
11, fes, 2023051404682.71, 39.19, 55620
11, fes, 2024859779467.48, 39.80, 56485
11, fes, 2022049123135.71, 40.41, 57323
11, fes, 2028024544240.54, 41.02, 58179
11, fes, 2026832664267.49, 41.63, 59001
11, fes, 2023306652015.63, 42.24, 59830
11, fes, 2023115815728.02, 42.85, 60671
11, fes, 2026301458579.71, 43.46, 61520
11, fes, 2026977053175.21, 44.07, 62362
11, fes, 2028898128502.40, 44.68, 63197
11, fes, 2027250755055.99, 45.29, 64059
11, fes, 2025946460428.06, 45.90, 64908
11, fes, 2027092867828.68, 46.51, 65767
11, fes, 2028027014743.33, 47.12, 66614
11, fes, 2025515539060.84, 47.73, 67444
11, fes, 2028216420418.33, 48.34, 68306
11, fes, 2030646652044.31, 48.95, 69110
11, fes, 2026929113318.68, 49.56, 69923
11, fes, 2028367704653.01, 50.17, 70748
11, fes, 2031350660614.87, 50.78, 71549
11, fes, 2028788786973.35, 51.39, 72388
11, fes, 2027020839616.71, 52.00, 73240
11, fes, 2028319022689.24, 52.61, 74080
11, fes, 2028575871236.68, 53.22, 74919
11, fes, 2028476128885.21, 53.83, 75779
11, fes, 2028914156235.63, 54.44, 76660
11, fes, 2023704235156.82, 55.05, 77527
11, fes, 2023383899448.02, 55.66, 78391
11, fes, 2025182926536.71, 56.27, 79273
11, fes, 2024096078811.56, 56.88, 80164
11, fes, 2023195156495.80, 57.49, 81040
11, fes, 2027519554525.94, 58.10, 81914
11, fes, 2031391804052.46, 58.71, 82781
11, fes, 2030324933900.18, 59.32, 83661
11, fes, 2028160073900.34, 59.93, 84562
12, fes, 1718163083187.87, 0.01, 14
12, fes, 1887932026907.97, 0.62, 926
12, fes, 1939071957993.67, 1.23, 1830
12, fes, 2013139725543.81, 1.84, 2707
12, fes, 2002664151490.36, 2.45, 3619
12, fes, 1947002448167.35, 3.06, 4535
12, fes, 1912209698055.46, 3.67, 5430
12, fes, 1966966643080.94, 4.27, 6317
12, fes, 1995478025639.34, 4.87, 7189
12, fes, 1999799935955.87, 5.47, 8071
12, fes, 2014511022866.72, 6.07, 8961
12, fes, 2015404840057.71, 6.67, 9826
12, fes, 2007949943783.00, 7.27, 10720
12, fes, 2018408044607.12, 7.87, 11600
12, fes, 2027884241520.21, 8.47, 12513
12, fes, 2030105522060.22, 9.07, 13387
12, fes, 2057004395321.96, 9.67, 14285
12, fes, 2053883451028.22, 10.27, 15151
12, fes, 2051322143904.34, 10.87, 16050
12, fes, 2040131475344.11, 11.47, 16928
12, fes, 2021952572482.24, 12.07, 17793
12, fes, 2026644382858.05, 12.67, 18615
12, fes, 2026374189207.68, 13.27, 19424
12, fes, 2028268912046.25, 13.87, 20242
12, fes, 2022305036826.87, 14.47, 21018
12, fes, 2017263985392.86, 15.07, 21815
12, fes, 2026433798274.64, 15.67, 22606
12, fes, 2015920956977.13, 16.27, 23406
12, fes, 2021451131689.02, 16.87, 24169
12, fes, 2010854131432.41, 17.47, 24959
12, fes, 2005189218599.23, 18.07, 25765
12, fes, 1998699544569.04, 18.67, 26547
12, fes, 1998072507944.44, 19.27, 27313
12, fes, 1995386184422.85, 19.87, 28095
12, fes, 1996352638054.95, 20.47, 28873
12, fes, 1993642186953.33, 21.07, 29678
12, fes, 1995056536176.36, 21.67, 30464
12, fes, 1993769742660.86, 22.27, 31271
12, fes, 1994410652655.67, 22.87, 32074
12, fes, 1998770058921.63, 23.47, 32891
12, fes, 2003915780974.73, 24.07, 33705
12, fes, 2003998327609.72, 24.67, 34525
12, fes, 2007636261574.58, 25.27, 35383
12, fes, 2007459868851.08, 25.87, 36255
12, fes, 2002494127661.53, 26.47, 37150
12, fes, 2013959114931.22, 27.07, 38027
12, fes, 2014505243523.38, 27.67, 38913
12, fes, 2014792453205.53, 28.27, 39804
12, fes, 2019702314929.59, 28.87, 40681
12, fes, 2021515567524.93, 29.47, 41565
12, fes, 2025123658229.33, 30.07, 42413
12, fes, 2020977687826.48, 30.67, 43287
12, fes, 2020493079524.66, 31.27, 44167
12, fes, 2024619821149.37, 31.87, 45049
12, fes, 2018598325730.74, 32.48, 45973
12, fes, 2015494559507.33, 33.09, 46879
12, fes, 2020803690367.84, 33.70, 47787
12, fes, 2022001512763.93, 34.31, 48696
12, fes, 2025034857600.85, 34.92, 49596
12, fes, 2021095368007.96, 35.53, 50527
12, fes, 2017713735887.29, 36.14, 51446
12, fes, 2019113098996.89, 36.75, 52358
12, fes, 2019053741939.03, 37.36, 53266
12, fes, 2015630027613.47, 37.97, 54172
12, fes, 2018118109103.19, 38.58, 55037
12, fes, 2016297779410.23, 39.19, 55916
12, fes, 2019664929411.60, 39.80, 56762
12, fes, 2019697095012.24, 40.41, 57605
12, fes, 2024173696470.03, 41.02, 58458
12, fes, 2027717021578.22, 41.63, 59273
12, fes, 2033193044297.75, 42.24, 60119
12, fes, 2035227268037.86, 42.85, 60949
12, fes, 2037148934445.09, 43.46, 61772
12, fes, 2038934523984.72, 44.07, 62626
12, fes, 2039850701845.04, 44.68, 63471
12, fes, 2044761523400.33, 45.29, 64292
12, fes, 2041428598378.67, 45.90, 65123
12, fes, 2041477063961.80, 46.51, 65992
12, fes, 2041817240703.36, 47.12, 66836
12, fes, 2037774557365.63, 47.73, 67670
12, fes, 2035983924587.84, 48.34, 68541
12, fes, 2038720029881.43, 48.95, 69352
12, fes, 2038566998966.19, 49.56, 70175
12, fes, 2035475934875.08, 50.17, 71006
12, fes, 2035610962153.70, 50.78, 71820
12, fes, 2033968557642.16, 51.39, 72650
12, fes, 2032753705954.09, 52.00, 73501
12, fes, 2032841814293.65, 52.61, 74337
12, fes, 2031853710387.20, 53.22, 75173
12, fes, 2029762318889.04, 53.83, 76026
12, fes, 2029853761923.04, 54.44, 76909
12, fes, 2029409463654.36, 55.05, 77768
12, fes, 2032041441288.68, 55.66, 78627
12, fes, 2030083659031.54, 56.27, 79524
12, fes, 2032773268886.31, 56.88, 80404
12, fes, 2029333979072.15, 57.49, 81308
12, fes, 2031210457328.08, 58.10, 82212
12, fes, 2032046375316.60, 58.71, 83092
12, fes, 2033684164164.87, 59.32, 83963
12, fes, 2032086792902.53, 59.93, 84844
13, fes, 2516324076081.17, 0.01, 14
13, fes, 2312087430096.14, 0.62, 895
13, fes, 2092989593285.23, 1.23, 1763
13, fes, 2002219981273.48, 1.84, 2662
13, fes, 1912303078998.52, 2.45, 3566
13, fes, 2009317472886.51, 3.06, 4451
13, fes, 1993426884415.21, 3.67, 5333
13, fes, 1987676306213.78, 4.27, 6223
13, fes, 2023265412645.92, 4.87, 7117
13, fes, 2044932835148.19, 5.47, 7978
13, fes, 2031264930071.84, 6.07, 8854
13, fes, 2069242566790.14, 6.67, 9735
13, fes, 2030647295562.29, 7.27, 10644
13, fes, 2024847128446.84, 7.87, 11547
13, fes, 2034974124887.79, 8.47, 12438
13, fes, 2017646716003.09, 9.07, 13334
13, fes, 2001747994926.34, 9.67, 14226
13, fes, 2002263085599.20, 10.27, 15079
13, fes, 2009250722998.74, 10.87, 15968
13, fes, 2007661537433.88, 11.47, 16814
13, fes, 2006412924195.46, 12.07, 17648
13, fes, 1986573320087.10, 12.67, 18521
13, fes, 1974209089927.31, 13.27, 19341
13, fes, 1985165008411.51, 13.87, 20154
13, fes, 1981922500339.83, 14.47, 20960
13, fes, 1983682824200.16, 15.07, 21732
13, fes, 2000559455765.61, 15.67, 22483
13, fes, 1997485428223.71, 16.27, 23256
13, fes, 2002558395830.74, 16.87, 24040
13, fes, 1997050850712.65, 17.47, 24817
13, fes, 1994086822143.16, 18.07, 25594
13, fes, 1999508442069.16, 18.67, 26371
13, fes, 1994982686422.77, 19.27, 27148
13, fes, 2002616724375.62, 19.87, 27923
13, fes, 1995611716884.02, 20.47, 28719
13, fes, 1984690787216.53, 21.07, 29492
13, fes, 1983597250110.73, 21.67, 30277
13, fes, 1981356302569.94, 22.27, 31068
13, fes, 1978789996651.40, 22.87, 31848
13, fes, 1981522862874.84, 23.47, 32632
13, fes, 1989388751282.33, 24.07, 33448
13, fes, 1995661642052.96, 24.67, 34291
13, fes, 1990261597146.69, 25.27, 35152
13, fes, 1992419179513.60, 25.87, 36030
13, fes, 2003393730752.24, 26.47, 36877
13, fes, 2004453973807.64, 27.07, 37766
13, fes, 2002218097551.21, 27.67, 38638
13, fes, 1996162036802.10, 28.27, 39519
13, fes, 1992881418258.00, 28.87, 40405
13, fes, 1993598397255.67, 29.47, 41267
13, fes, 1986908519247.82, 30.07, 42131
13, fes, 1984119439253.26, 30.67, 42991
13, fes, 1982696718490.63, 31.27, 43886
13, fes, 1976903466672.47, 31.87, 44783
13, fes, 1971010026920.05, 32.48, 45691
13, fes, 1970317355780.91, 33.09, 46618
13, fes, 1968635473988.02, 33.70, 47549
13, fes, 1964080551574.76, 34.31, 48463
13, fes, 1978154731882.27, 34.92, 49355
13, fes, 1989962098326.73, 35.53, 50260
13, fes, 1988356527382.31, 36.14, 51155
13, fes, 1991159986559.47, 36.75, 52087
13, fes, 1985259713335.32, 37.36, 52980
13, fes, 1985903780627.38, 37.97, 53872
13, fes, 1987748340660.46, 38.58, 54765
13, fes, 1984776721686.04, 39.19, 55646
13, fes, 1985131793558.26, 39.80, 56505
13, fes, 1985109930603.34, 40.41, 57354
13, fes, 1980363690666.46, 41.02, 58210
13, fes, 1978859590241.91, 41.63, 59061
13, fes, 1978491754460.10, 42.24, 59889
13, fes, 1976245152186.83, 42.85, 60724
13, fes, 1975953782231.29, 43.46, 61549
13, fes, 1977208267946.55, 44.07, 62383
13, fes, 1976204354494.05, 44.68, 63219
13, fes, 1977228638400.99, 45.29, 64036
13, fes, 1979916480918.31, 45.90, 64881
13, fes, 1987226223736.77, 46.51, 65698
13, fes, 1990372659078.24, 47.12, 66528
13, fes, 1991831977865.86, 47.73, 67380
13, fes, 1993058257897.07, 48.34, 68210
13, fes, 1992621468812.75, 48.95, 69047
13, fes, 1991372276619.39, 49.56, 69880
13, fes, 1988132256526.20, 50.17, 70714
13, fes, 1991076708002.43, 50.78, 71525
13, fes, 1990036291382.75, 51.39, 72356
13, fes, 1992347446946.27, 52.00, 73205
13, fes, 1993259860070.60, 52.61, 74060
13, fes, 1995129093936.74, 53.22, 74926
13, fes, 1995160893820.28, 53.83, 75782
13, fes, 1999726326556.71, 54.44, 76633
13, fes, 2001343613986.62, 55.05, 77518
13, fes, 2003177880112.61, 55.66, 78394
13, fes, 2001608512060.81, 56.27, 79260
13, fes, 2005129853433.94, 56.88, 80126
13, fes, 2005775878113.20, 57.49, 81008
13, fes, 2008894098624.39, 58.10, 81889
13, fes, 2011324191007.11, 58.71, 82744
13, fes, 2013923520100.99, 59.32, 83628
13, fes, 2009877443904.83, 59.93, 84529
