exp_rep, bfly, algo, time, preprocess_time, iterations
1, fces, 53286021036355.10, 0.01, 640.20, 1
1, fces, 120265145709234.25, 0.62, 640.20, 161
1, fces, 111658818673711.10, 1.23, 640.20, 347
1, fces, 106914102863485.84, 1.84, 640.20, 557
1, fces, 99910863491880.56, 2.45, 640.20, 799
1, fces, 101341049122917.91, 3.06, 640.20, 1061
1, fces, 100466914913084.32, 3.67, 640.20, 1341
1, fces, 100386381385532.39, 4.27, 640.20, 1642
1, fces, 100171334364602.35, 4.87, 640.20, 1954
1, fces, 100269078520183.31, 5.47, 640.20, 2269
1, fces, 99024972263662.42, 6.07, 640.20, 2601
1, fces, 98068614091847.37, 6.67, 640.20, 2940
1, fces, 98430056173151.40, 7.27, 640.20, 3285
1, fces, 99433166644316.24, 7.87, 640.20, 3637
1, fces, 99388526067704.15, 8.47, 640.20, 3989
1, fces, 98921416660914.54, 9.07, 640.20, 4345
1, fces, 98911714367077.03, 9.67, 640.20, 4711
1, fces, 99223282832906.38, 10.27, 640.20, 5074
1, fces, 99481764957353.90, 10.87, 640.20, 5445
1, fces, 99138380455517.47, 11.47, 640.20, 5818
1, fces, 99674734634680.25, 12.07, 640.20, 6186
1, fces, 99783711855828.74, 12.67, 640.20, 6556
1, fces, 99822300715199.09, 13.27, 640.20, 6936
1, fces, 99864401509711.21, 13.87, 640.20, 7311
1, fces, 99804246902966.08, 14.47, 640.20, 7691
1, fces, 99676224748280.58, 15.07, 640.20, 8065
1, fces, 99628005037109.06, 15.67, 640.20, 8446
1, fces, 99579668095829.72, 16.27, 640.20, 8828
1, fces, 99594867257021.58, 16.87, 640.20, 9216
1, fces, 99715390899016.20, 17.47, 640.20, 9601
1, fces, 100043184084809.43, 18.07, 640.20, 9984
1, fces, 100431363098267.93, 18.67, 640.20, 10365
1, fces, 100459967163226.62, 19.27, 640.20, 10749
1, fces, 100778322882606.85, 19.87, 640.20, 11139
1, fces, 100958713983576.44, 20.47, 640.20, 11514
1, fces, 101260917150886.25, 21.07, 640.20, 11896
1, fces, 101049502596102.06, 21.67, 640.20, 12282
1, fces, 101198571298020.08, 22.27, 640.20, 12688
1, fces, 101374325680031.24, 22.87, 640.20, 13099
1, fces, 101285966153014.85, 23.47, 640.20, 13512
1, fces, 101196972259526.26, 24.07, 640.20, 13932
1, fces, 101231427334469.89, 24.67, 640.20, 14352
1, fces, 101221175424533.11, 25.27, 640.20, 14769
1, fces, 101233245348830.93, 25.87, 640.20, 15190
1, fces, 101209718786777.11, 26.47, 640.20, 15616
1, fces, 100928317467910.42, 27.07, 640.20, 16054
1, fces, 100820963810084.95, 27.67, 640.20, 16484
1, fces, 101018306951156.01, 28.27, 640.20, 16897
1, fces, 101017399085764.67, 28.87, 640.20, 17302
1, fces, 100961495184286.28, 29.47, 640.20, 17707
1, fces, 100981762957125.89, 30.07, 640.20, 18108
1, fces, 101075570508532.75, 30.67, 640.20, 18498
1, fces, 101184738420201.58, 31.27, 640.20, 18883
1, fces, 101279204526728.58, 31.87, 640.20, 19277
1, fces, 101406239639524.04, 32.48, 640.20, 19671
1, fces, 101443523652485.06, 33.09, 640.20, 20066
1, fces, 101422877676233.58, 33.70, 640.20, 20454
1, fces, 101358467315126.86, 34.31, 640.20, 20845
1, fces, 101460232226611.23, 34.92, 640.20, 21237
1, fces, 101633234123252.90, 35.53, 640.20, 21622
1, fces, 101664564679724.65, 36.14, 640.20, 22009
1, fces, 101835685578672.01, 36.75, 640.20, 22399
1, fces, 101665933791300.36, 37.36, 640.20, 22789
1, fces, 101715768345257.52, 37.97, 640.20, 23173
1, fces, 101646016287303.01, 38.58, 640.20, 23555
1, fces, 101606088756530.47, 39.19, 640.20, 23943
1, fces, 101619576146740.27, 39.80, 640.20, 24320
1, fces, 101665051056749.69, 40.41, 640.20, 24705
1, fces, 101662245449614.29, 41.02, 640.20, 25086
1, fces, 101571530496624.53, 41.63, 640.20, 25467
1, fces, 101639615156921.26, 42.24, 640.20, 25854
1, fces, 101736488785782.13, 42.85, 640.20, 26236
1, fces, 101650646127894.28, 43.46, 640.20, 26622
1, fces, 101531663892214.23, 44.07, 640.20, 27006
1, fces, 101540142558883.95, 44.68, 640.20, 27392
1, fces, 101529296969532.26, 45.29, 640.20, 27776
1, fces, 101492713950114.97, 45.90, 640.20, 28155
1, fces, 101502404973324.42, 46.51, 640.20, 28537
1, fces, 101460029741119.53, 47.12, 640.20, 28928
1, fces, 101439763994193.22, 47.73, 640.20, 29316
1, fces, 101394425786643.91, 48.34, 640.20, 29697
1, fces, 101252389088628.84, 48.95, 640.20, 30091
1, fces, 101295638092509.29, 49.56, 640.20, 30468
1, fces, 101503822197011.37, 50.17, 640.20, 30849
1, fces, 101507403224583.92, 50.78, 640.20, 31237
1, fces, 101442971617898.92, 51.39, 640.20, 31620
1, fces, 101372007050290.60, 52.00, 640.20, 32010
1, fces, 101404715585102.98, 52.61, 640.20, 32416
1, fces, 101387700929989.43, 53.22, 640.20, 32823
1, fces, 101427256658175.75, 53.83, 640.20, 33231
1, fces, 101489719037815.72, 54.44, 640.20, 33641
1, fces, 101545229943586.44, 55.05, 640.20, 34062
1, fces, 101634485268887.69, 55.66, 640.20, 34473
1, fces, 101644560104331.28, 56.27, 640.20, 34879
1, fces, 101734533224954.20, 56.88, 640.20, 35285
1, fces, 101794202719616.34, 57.49, 640.20, 35697
1, fces, 101799195616611.94, 58.10, 640.20, 36104
1, fces, 101684131062551.25, 58.71, 640.20, 36509
1, fces, 101569171367952.99, 59.32, 640.20, 36916
1, fces, 101558906820801.95, 59.93, 640.20, 37328
2, fces, 107118730046515.34, 0.01, 0.00, 7
2, fces, 96824057301191.83, 0.62, 0.00, 438
2, fces, 97584760559915.49, 1.23, 0.00, 861
2, fces, 99848990761831.16, 1.84, 0.00, 1295
2, fces, 100154700979810.47, 2.45, 0.00, 1724
2, fces, 98688000837048.61, 3.06, 0.00, 2151
2, fces, 98714987963308.38, 3.67, 0.00, 2566
2, fces, 100389911343589.78, 4.27, 0.00, 2964
2, fces, 100498513463612.32, 4.87, 0.00, 3369
2, fces, 99795680213579.13, 5.47, 0.00, 3765
2, fces, 100059324599527.28, 6.07, 0.00, 4162
2, fces, 99552525882704.98, 6.67, 0.00, 4557
2, fces, 99319635526812.80, 7.27, 0.00, 4951
2, fces, 100175579259162.23, 7.87, 0.00, 5341
2, fces, 100379157590483.05, 8.47, 0.00, 5732
2, fces, 100397405941424.36, 9.07, 0.00, 6118
2, fces, 100326372191850.47, 9.67, 0.00, 6504
2, fces, 100786320562677.69, 10.27, 0.00, 6888
2, fces, 100878430892616.20, 10.87, 0.00, 7281
2, fces, 100955104638625.86, 11.47, 0.00, 7661
2, fces, 100910087750376.91, 12.07, 0.00, 8054
2, fces, 100685265433488.81, 12.67, 0.00, 8445
2, fces, 101004719688721.84, 13.27, 0.00, 8832
2, fces, 101266769744638.03, 13.87, 0.00, 9215
2, fces, 101215824596817.07, 14.47, 0.00, 9595
2, fces, 101200503627418.75, 15.07, 0.00, 9984
2, fces, 101186094499340.21, 15.67, 0.00, 10373
2, fces, 100684143290099.15, 16.27, 0.00, 10758
2, fces, 100933496287510.62, 16.87, 0.00, 11145
2, fces, 101149318276980.70, 17.47, 0.00, 11533
2, fces, 101226935721982.64, 18.07, 0.00, 11920
2, fces, 101068101362504.45, 18.67, 0.00, 12305
2, fces, 100960718207750.05, 19.27, 0.00, 12694
2, fces, 100991942050813.13, 19.87, 0.00, 13087
2, fces, 100907807921482.08, 20.47, 0.00, 13474
2, fces, 100789367699390.14, 21.07, 0.00, 13859
2, fces, 100786074646119.43, 21.67, 0.00, 14257
2, fces, 100495032239888.53, 22.27, 0.00, 14667
2, fces, 100719655893441.63, 22.87, 0.00, 15075
2, fces, 101098576906088.03, 23.47, 0.00, 15501
2, fces, 100901963760902.89, 24.07, 0.00, 15913
2, fces, 101049866710818.83, 24.67, 0.00, 16338
2, fces, 101115196325932.46, 25.27, 0.00, 16757
2, fces, 101361224915713.77, 25.87, 0.00, 17190
2, fces, 101442283083632.26, 26.47, 0.00, 17622
2, fces, 101605133193567.04, 27.07, 0.00, 18048
2, fces, 101502699596193.26, 27.67, 0.00, 18463
2, fces, 101574351384628.55, 28.27, 0.00, 18877
2, fces, 101518567962188.70, 28.87, 0.00, 19281
2, fces, 101510681229228.65, 29.47, 0.00, 19682
2, fces, 101435588115523.54, 30.07, 0.00, 20081
2, fces, 101498533095632.16, 30.67, 0.00, 20474
2, fces, 101571994863319.93, 31.27, 0.00, 20878
2, fces, 101447898430178.83, 31.87, 0.00, 21264
2, fces, 101618936884237.06, 32.48, 0.00, 21651
2, fces, 101568646292293.37, 33.09, 0.00, 22052
2, fces, 101510865069211.50, 33.70, 0.00, 22440
2, fces, 101448595709773.68, 34.31, 0.00, 22830
2, fces, 101446814467291.78, 34.92, 0.00, 23219
2, fces, 101393319858527.68, 35.53, 0.00, 23602
2, fces, 101475805921294.71, 36.14, 0.00, 23992
2, fces, 101566533002157.93, 36.75, 0.00, 24381
2, fces, 101619313660774.78, 37.36, 0.00, 24770
2, fces, 101706859854603.22, 37.97, 0.00, 25152
2, fces, 101605973181603.82, 38.58, 0.00, 25532
2, fces, 101744876929961.26, 39.19, 0.00, 25917
2, fces, 101866455333130.84, 39.80, 0.00, 26299
2, fces, 101838757219965.04, 40.41, 0.00, 26684
2, fces, 101733288371749.15, 41.02, 0.00, 27064
2, fces, 101774728181095.41, 41.63, 0.00, 27450
2, fces, 101870961472661.18, 42.24, 0.00, 27833
2, fces, 101900840045343.40, 42.85, 0.00, 28208
2, fces, 101926199571614.50, 43.46, 0.00, 28591
2, fces, 101967311547865.50, 44.07, 0.00, 28983
2, fces, 101960407242079.89, 44.68, 0.00, 29362
2, fces, 102015571142896.88, 45.29, 0.00, 29743
2, fces, 101951683675141.04, 45.90, 0.00, 30125
2, fces, 101876840341812.84, 46.51, 0.00, 30511
2, fces, 101997585882820.70, 47.12, 0.00, 30892
2, fces, 102052401486427.29, 47.73, 0.00, 31275
2, fces, 102051891400297.76, 48.34, 0.00, 31664
2, fces, 102071429256376.35, 48.95, 0.00, 32043
2, fces, 102001827200981.92, 49.56, 0.00, 32424
2, fces, 102017084911285.93, 50.17, 0.00, 32810
2, fces, 101989671889884.58, 50.78, 0.00, 33191
2, fces, 101889831115276.94, 51.39, 0.00, 33579
2, fces, 102025084662248.23, 52.00, 0.00, 33992
2, fces, 102086199526034.17, 52.61, 0.00, 34393
2, fces, 102055211432473.23, 53.22, 0.00, 34811
2, fces, 102113470088664.22, 53.83, 0.00, 35212
2, fces, 102094896107637.21, 54.44, 0.00, 35619
2, fces, 102037451833143.27, 55.05, 0.00, 36034
2, fces, 101997638819320.95, 55.66, 0.00, 36438
2, fces, 102058161708721.83, 56.27, 0.00, 36848
2, fces, 102019257455733.26, 56.88, 0.00, 37257
2, fces, 101937243805126.30, 57.49, 0.00, 37668
2, fces, 101863587460832.34, 58.10, 0.00, 38076
2, fces, 101865714416346.50, 58.71, 0.00, 38480
2, fces, 101912525332331.47, 59.32, 0.00, 38895
2, fces, 101917191085902.98, 59.93, 0.00, 39310
3, fces, 76635714230906.25, 0.01, 0.00, 6
3, fces, 93510212588980.66, 0.62, 0.00, 429
3, fces, 97823235452781.16, 1.23, 0.00, 856
3, fces, 99455772373704.23, 1.84, 0.00, 1277
3, fces, 98050785156839.98, 2.45, 0.00, 1712
3, fces, 99982994792269.52, 3.06, 0.00, 2132
3, fces, 99196897589557.03, 3.67, 0.00, 2539
3, fces, 100713391799758.64, 4.27, 0.00, 2941
3, fces, 101107850606480.27, 4.87, 0.00, 3342
3, fces, 101660061573692.01, 5.47, 0.00, 3738
3, fces, 101933008439404.69, 6.07, 0.00, 4135
3, fces, 101395995949435.13, 6.67, 0.00, 4518
3, fces, 100789877928161.83, 7.27, 0.00, 4911
3, fces, 100270812022754.04, 7.87, 0.00, 5297
3, fces, 99750613129060.97, 8.47, 0.00, 5684
3, fces, 99821871630039.97, 9.07, 0.00, 6068
3, fces, 99560516888742.65, 9.67, 0.00, 6451
3, fces, 100165823183711.13, 10.27, 0.00, 6834
3, fces, 100337144936627.39, 10.87, 0.00, 7225
3, fces, 100166346340890.81, 11.47, 0.00, 7612
3, fces, 100080279991472.47, 12.07, 0.00, 7992
3, fces, 100737574571181.12, 12.67, 0.00, 8379
3, fces, 100274746105545.25, 13.27, 0.00, 8770
3, fces, 100228029058746.39, 13.87, 0.00, 9157
3, fces, 100235655226734.57, 14.47, 0.00, 9546
3, fces, 100554559354024.34, 15.07, 0.00, 9936
3, fces, 100959403863833.60, 15.67, 0.00, 10320
3, fces, 100937518141438.63, 16.27, 0.00, 10704
3, fces, 100986818648295.16, 16.87, 0.00, 11096
3, fces, 101335908724556.34, 17.47, 0.00, 11481
3, fces, 101470614138948.91, 18.07, 0.00, 11868
3, fces, 101769691106920.93, 18.67, 0.00, 12262
3, fces, 101642289254672.00, 19.27, 0.00, 12650
3, fces, 101627008624317.49, 19.87, 0.00, 13035
3, fces, 101751047183049.40, 20.47, 0.00, 13425
3, fces, 101629433452696.32, 21.07, 0.00, 13817
3, fces, 101921878885561.73, 21.67, 0.00, 14215
3, fces, 101984279680915.64, 22.27, 0.00, 14633
3, fces, 101961005743022.30, 22.87, 0.00, 15049
3, fces, 101666417026490.44, 23.47, 0.00, 15468
3, fces, 101809933814340.10, 24.07, 0.00, 15888
3, fces, 101716505480167.17, 24.67, 0.00, 16320
3, fces, 101417997397206.91, 25.27, 0.00, 16756
3, fces, 101568434335721.52, 25.87, 0.00, 17180
3, fces, 101670056707986.67, 26.47, 0.00, 17615
3, fces, 101645578338122.23, 27.07, 0.00, 18041
3, fces, 101561065267110.51, 27.68, 0.00, 18456
3, fces, 101614399716851.03, 28.28, 0.00, 18865
3, fces, 101803418622128.40, 28.88, 0.00, 19276
3, fces, 101834281711977.04, 29.48, 0.00, 19676
3, fces, 101800607560737.73, 30.08, 0.00, 20064
3, fces, 101692025860959.80, 30.68, 0.00, 20459
3, fces, 101728172288157.43, 31.28, 0.00, 20848
3, fces, 101531362211018.24, 31.88, 0.00, 21231
3, fces, 101297323632153.59, 32.49, 0.00, 21630
3, fces, 101138968026114.24, 33.10, 0.00, 22022
3, fces, 101112548564872.59, 33.71, 0.00, 22410
3, fces, 101136000288819.05, 34.32, 0.00, 22803
3, fces, 101187826773151.04, 34.93, 0.00, 23191
3, fces, 101154700399723.82, 35.54, 0.00, 23584
3, fces, 101048236371933.57, 36.15, 0.00, 23970
3, fces, 100940192114334.49, 36.76, 0.00, 24360
3, fces, 100947182366025.53, 37.37, 0.00, 24744
3, fces, 101077338816698.34, 37.98, 0.00, 25132
3, fces, 101209074805122.42, 38.59, 0.00, 25517
3, fces, 101217263466531.83, 39.20, 0.00, 25902
3, fces, 101296674097267.18, 39.81, 0.00, 26291
3, fces, 101244147511117.84, 40.42, 0.00, 26674
3, fces, 101258111920076.03, 41.03, 0.00, 27058
3, fces, 101232906434977.15, 41.64, 0.00, 27443
3, fces, 101259259620019.99, 42.25, 0.00, 27827
3, fces, 101377039707559.37, 42.86, 0.00, 28210
3, fces, 101373942325338.92, 43.47, 0.00, 28590
3, fces, 101404017049470.09, 44.08, 0.00, 28977
3, fces, 101463795865209.45, 44.69, 0.00, 29362
3, fces, 101503707507467.68, 45.30, 0.00, 29745
3, fces, 101557483217471.45, 45.91, 0.00, 30124
3, fces, 101576129849234.68, 46.52, 0.00, 30514
3, fces, 101570441080006.70, 47.13, 0.00, 30896
3, fces, 101575834356508.91, 47.74, 0.00, 31278
3, fces, 101553909656665.80, 48.35, 0.00, 31665
3, fces, 101432340624428.71, 48.96, 0.00, 32046
3, fces, 101354561768623.81, 49.57, 0.00, 32431
3, fces, 101427014540588.70, 50.18, 0.00, 32818
3, fces, 101385142222152.83, 50.79, 0.00, 33203
3, fces, 101283527558302.34, 51.40, 0.00, 33593
3, fces, 101398960252696.10, 52.01, 0.00, 33986
3, fces, 101458573808857.22, 52.62, 0.00, 34394
3, fces, 101394316172478.90, 53.23, 0.00, 34818
3, fces, 101351990436792.32, 53.84, 0.00, 35232
3, fces, 101348707868413.29, 54.45, 0.00, 35635
3, fces, 101411415761618.15, 55.06, 0.00, 36046
3, fces, 101386999937799.34, 55.67, 0.00, 36453
3, fces, 101540133265218.30, 56.28, 0.00, 36859
3, fces, 101502095864800.88, 56.89, 0.00, 37271
3, fces, 101410844480036.47, 57.50, 0.00, 37677
3, fces, 101421112736663.67, 58.11, 0.00, 38082
3, fces, 101419219628863.93, 58.72, 0.00, 38489
3, fces, 101447139849400.76, 59.33, 0.00, 38906
3, fces, 101547219799418.69, 59.94, 0.00, 39326
4, fces, 61669953660588.31, 0.01, 0.00, 8
4, fces, 100174121569589.29, 0.62, 0.00, 435
4, fces, 101965367823645.87, 1.23, 0.00, 858
4, fces, 101495060395590.00, 1.84, 0.00, 1287
4, fces, 102385612429273.67, 2.45, 0.00, 1715
4, fces, 101455365722980.37, 3.06, 0.00, 2132
4, fces, 101626110050146.59, 3.67, 0.00, 2545
4, fces, 101488185001911.65, 4.27, 0.00, 2944
4, fces, 101103327023970.55, 4.87, 0.00, 3342
4, fces, 101678450301835.91, 5.47, 0.00, 3736
4, fces, 101412510415715.15, 6.07, 0.00, 4127
4, fces, 100819270951085.13, 6.67, 0.00, 4521
4, fces, 101240554408599.28, 7.27, 0.00, 4912
4, fces, 100535395448239.12, 7.87, 0.00, 5303
4, fces, 100456432708430.11, 8.47, 0.00, 5690
4, fces, 100688932567878.26, 9.07, 0.00, 6073
4, fces, 100917926113932.47, 9.67, 0.00, 6455
4, fces, 101346828933986.85, 10.27, 0.00, 6841
4, fces, 100976759190373.23, 10.87, 0.00, 7229
4, fces, 100930623047234.18, 11.47, 0.00, 7617
4, fces, 101596916884190.18, 12.07, 0.00, 8000
4, fces, 101834026527389.12, 12.67, 0.00, 8387
4, fces, 101480911894007.85, 13.27, 0.00, 8769
4, fces, 101113145619344.92, 13.87, 0.00, 9155
4, fces, 101423489055486.13, 14.47, 0.00, 9546
4, fces, 101229201477670.23, 15.07, 0.00, 9932
4, fces, 101172277416049.73, 15.67, 0.00, 10324
4, fces, 101150210198853.02, 16.27, 0.00, 10710
4, fces, 101024549602029.30, 16.87, 0.00, 11098
4, fces, 100979052202637.91, 17.47, 0.00, 11481
4, fces, 101229372521469.49, 18.07, 0.00, 11867
4, fces, 101391268891736.84, 18.67, 0.00, 12255
4, fces, 101302397688045.24, 19.27, 0.00, 12634
4, fces, 101478933861459.81, 19.87, 0.00, 13022
4, fces, 101262026199007.85, 20.47, 0.00, 13413
4, fces, 101557792498665.45, 21.07, 0.00, 13805
4, fces, 101520425074818.21, 21.67, 0.00, 14214
4, fces, 101701244901465.29, 22.27, 0.00, 14622
4, fces, 101586595643265.75, 22.87, 0.00, 15042
4, fces, 101884737619186.67, 23.47, 0.00, 15464
4, fces, 102017629317687.83, 24.07, 0.00, 15885
4, fces, 102010879890692.28, 24.67, 0.00, 16308
4, fces, 101903896358363.51, 25.27, 0.00, 16735
4, fces, 101989318119673.29, 25.87, 0.00, 17166
4, fces, 101984996047340.79, 26.47, 0.00, 17598
4, fces, 102086762037038.40, 27.07, 0.00, 18014
4, fces, 101913903064591.14, 27.67, 0.00, 18432
4, fces, 101757168862601.27, 28.27, 0.00, 18839
4, fces, 101601340765595.50, 28.87, 0.00, 19233
4, fces, 101600236765411.34, 29.47, 0.00, 19618
4, fces, 101624271420574.06, 30.07, 0.00, 20017
4, fces, 101565874384710.01, 30.67, 0.00, 20406
4, fces, 101657040389256.85, 31.27, 0.00, 20793
4, fces, 101699125314319.13, 31.87, 0.00, 21180
4, fces, 101789438798326.25, 32.48, 0.00, 21562
4, fces, 101856573723973.32, 33.09, 0.00, 21956
4, fces, 101820532923962.74, 33.70, 0.00, 22359
4, fces, 101751999007646.30, 34.31, 0.00, 22749
4, fces, 101910012277949.68, 34.92, 0.00, 23135
4, fces, 101900752498389.28, 35.53, 0.00, 23519
4, fces, 101831138415869.91, 36.14, 0.00, 23902
4, fces, 101751456453450.19, 36.75, 0.00, 24289
4, fces, 101644457266749.72, 37.36, 0.00, 24667
4, fces, 101586128699379.10, 37.97, 0.00, 25053
4, fces, 101580140079038.19, 38.58, 0.00, 25437
4, fces, 101688348439293.10, 39.19, 0.00, 25823
4, fces, 101621016318704.30, 39.80, 0.00, 26204
4, fces, 101659863876024.28, 40.41, 0.00, 26592
4, fces, 101703819404542.71, 41.02, 0.00, 26976
4, fces, 101648695753788.79, 41.63, 0.00, 27359
4, fces, 101591600267020.91, 42.24, 0.00, 27744
4, fces, 101689273463025.77, 42.85, 0.00, 28132
4, fces, 101777141480381.39, 43.46, 0.00, 28513
4, fces, 101751690590686.12, 44.07, 0.00, 28899
4, fces, 101648569885543.59, 44.68, 0.00, 29284
4, fces, 101644902840558.32, 45.29, 0.00, 29669
4, fces, 101481775944742.24, 45.90, 0.00, 30054
4, fces, 101335134451660.69, 46.51, 0.00, 30440
4, fces, 101366379321959.69, 47.12, 0.00, 30823
4, fces, 101266031402828.24, 47.73, 0.00, 31212
4, fces, 101349687804756.88, 48.34, 0.00, 31597
4, fces, 101421968483449.97, 48.95, 0.00, 31982
4, fces, 101384654539156.57, 49.56, 0.00, 32361
4, fces, 101367929850060.28, 50.17, 0.00, 32740
4, fces, 101384048991952.44, 50.78, 0.00, 33122
4, fces, 101387366415740.64, 51.39, 0.00, 33513
4, fces, 101391989306327.71, 52.00, 0.00, 33923
4, fces, 101323324205750.55, 52.61, 0.00, 34333
4, fces, 101294867779575.16, 53.22, 0.00, 34742
4, fces, 101334053370762.00, 53.83, 0.00, 35146
4, fces, 101381587697301.57, 54.44, 0.00, 35555
4, fces, 101411726358992.38, 55.05, 0.00, 35965
4, fces, 101371912761834.39, 55.66, 0.00, 36376
4, fces, 101390706816007.31, 56.27, 0.00, 36783
4, fces, 101434515466454.74, 56.88, 0.00, 37190
4, fces, 101439112170711.50, 57.49, 0.00, 37608
4, fces, 101452282184467.07, 58.10, 0.00, 38011
4, fces, 101473350558969.28, 58.71, 0.00, 38426
4, fces, 101500999247760.58, 59.32, 0.00, 38843
4, fces, 101481323478236.11, 59.93, 0.00, 39262
5, fces, 60418715199363.33, 0.01, 0.00, 6
5, fces, 112188248978671.44, 0.62, 0.00, 439
5, fces, 106761792821777.67, 1.23, 0.00, 869
5, fces, 103098486852308.72, 1.84, 0.00, 1301
5, fces, 101345571637916.65, 2.45, 0.00, 1724
5, fces, 99382806848746.65, 3.06, 0.00, 2143
5, fces, 99882832545820.63, 3.67, 0.00, 2549
5, fces, 99376020259716.15, 4.27, 0.00, 2943
5, fces, 99913572606797.72, 4.87, 0.00, 3341
5, fces, 99807754028000.19, 5.47, 0.00, 3729
5, fces, 99964279266545.58, 6.07, 0.00, 4117
5, fces, 99648946378569.49, 6.67, 0.00, 4506
5, fces, 100473812775447.55, 7.27, 0.00, 4897
5, fces, 100045881850721.15, 7.87, 0.00, 5287
5, fces, 100173739324394.40, 8.47, 0.00, 5673
5, fces, 100954986963245.50, 9.07, 0.00, 6057
5, fces, 100615476153988.30, 9.67, 0.00, 6440
5, fces, 100155114090012.80, 10.27, 0.00, 6819
5, fces, 99450878199926.53, 10.87, 0.00, 7204
5, fces, 99315532086895.36, 11.47, 0.00, 7586
5, fces, 99458458638264.29, 12.07, 0.00, 7974
5, fces, 99426158131548.79, 12.67, 0.00, 8369
5, fces, 99103939196859.25, 13.27, 0.00, 8752
5, fces, 98899088331248.84, 13.87, 0.00, 9137
5, fces, 98865139969321.12, 14.47, 0.00, 9530
5, fces, 98671237335625.10, 15.07, 0.00, 9913
5, fces, 98446776643410.80, 15.67, 0.00, 10302
5, fces, 98733786927588.58, 16.27, 0.00, 10683
5, fces, 99001967108743.01, 16.87, 0.00, 11070
5, fces, 99017267059260.77, 17.47, 0.00, 11457
5, fces, 99335460443632.85, 18.07, 0.00, 11848
5, fces, 99199195129683.95, 18.67, 0.00, 12230
5, fces, 99377792995604.62, 19.27, 0.00, 12618
5, fces, 99126971235774.72, 19.87, 0.00, 13005
5, fces, 98921450539497.94, 20.47, 0.00, 13392
5, fces, 98768528841797.64, 21.07, 0.00, 13795
5, fces, 98932807671919.65, 21.67, 0.00, 14209
5, fces, 98922152451819.61, 22.27, 0.00, 14622
5, fces, 99129189742624.27, 22.87, 0.00, 15042
5, fces, 99136687868890.71, 23.47, 0.00, 15454
5, fces, 98957601701237.87, 24.07, 0.00, 15878
5, fces, 98905056317855.10, 24.67, 0.00, 16310
5, fces, 99341078127865.90, 25.27, 0.00, 16741
5, fces, 99126602949863.63, 25.87, 0.00, 17167
5, fces, 99024129410523.39, 26.47, 0.00, 17596
5, fces, 99218726476126.06, 27.07, 0.00, 18014
5, fces, 99421141417329.91, 27.67, 0.00, 18427
5, fces, 99530857643564.66, 28.27, 0.00, 18826
5, fces, 99393922078818.53, 28.87, 0.00, 19220
5, fces, 99360279172316.62, 29.47, 0.00, 19613
5, fces, 99368715125256.59, 30.07, 0.00, 20005
5, fces, 99375640168138.65, 30.67, 0.00, 20397
5, fces, 99378971596017.97, 31.27, 0.00, 20776
5, fces, 99405499297846.03, 31.87, 0.00, 21164
5, fces, 99408355432606.22, 32.48, 0.00, 21558
5, fces, 99372347459001.44, 33.09, 0.00, 21946
5, fces, 99453027706244.42, 33.70, 0.00, 22341
5, fces, 99432607629932.13, 34.31, 0.00, 22726
5, fces, 99590452032845.11, 34.92, 0.00, 23108
5, fces, 99610055299364.90, 35.53, 0.00, 23497
5, fces, 99472647693249.75, 36.14, 0.00, 23880
5, fces, 99490599727602.51, 36.75, 0.00, 24267
5, fces, 99401532683074.46, 37.36, 0.00, 24648
5, fces, 99342264707074.94, 37.97, 0.00, 25028
5, fces, 99455892071624.06, 38.58, 0.00, 25419
5, fces, 99309512056917.08, 39.19, 0.00, 25805
5, fces, 99345438577766.35, 39.80, 0.00, 26194
5, fces, 99406758818425.74, 40.41, 0.00, 26583
5, fces, 99502979561819.49, 41.02, 0.00, 26966
5, fces, 99517862042258.51, 41.63, 0.00, 27350
5, fces, 99433627313175.27, 42.24, 0.00, 27736
5, fces, 99334100549874.82, 42.85, 0.00, 28121
5, fces, 99378414659551.16, 43.46, 0.00, 28502
5, fces, 99247480546640.39, 44.07, 0.00, 28886
5, fces, 99331698228238.45, 44.68, 0.00, 29270
5, fces, 99292068859237.96, 45.29, 0.00, 29654
5, fces, 99428481652087.52, 45.90, 0.00, 30034
5, fces, 99484983662924.94, 46.51, 0.00, 30417
5, fces, 99554271314538.33, 47.12, 0.00, 30803
5, fces, 99605764330916.74, 47.73, 0.00, 31177
5, fces, 99451165927700.20, 48.34, 0.00, 31563
5, fces, 99470240237427.51, 48.95, 0.00, 31953
5, fces, 99422033325735.16, 49.56, 0.00, 32341
5, fces, 99424276956259.98, 50.17, 0.00, 32724
5, fces, 99462780395359.21, 50.78, 0.00, 33115
5, fces, 99365811619088.03, 51.39, 0.00, 33521
5, fces, 99330695960682.60, 52.00, 0.00, 33927
5, fces, 99244906221031.26, 52.61, 0.00, 34334
5, fces, 99334432883703.64, 53.22, 0.00, 34740
5, fces, 99408890219626.67, 53.83, 0.00, 35151
5, fces, 99450498658296.34, 54.44, 0.00, 35561
5, fces, 99442092045728.19, 55.05, 0.00, 35968
5, fces, 99461032091071.88, 55.66, 0.00, 36377
5, fces, 99483399517324.84, 56.27, 0.00, 36789
5, fces, 99561398962995.05, 56.88, 0.00, 37198
5, fces, 99655345919886.09, 57.49, 0.00, 37615
5, fces, 99755451030745.93, 58.10, 0.00, 38026
5, fces, 99717862695717.46, 58.71, 0.00, 38430
5, fces, 99800353291842.76, 59.32, 0.00, 38850
5, fces, 99758518715751.45, 59.93, 0.00, 39277
6, fces, 55688111151838.64, 0.01, 0.00, 7
6, fces, 94218845404591.88, 0.62, 0.00, 437
6, fces, 100525468834185.29, 1.23, 0.00, 866
6, fces, 100950310228382.27, 1.84, 0.00, 1294
6, fces, 101274249013995.25, 2.45, 0.00, 1714
6, fces, 99568907922025.22, 3.06, 0.00, 2123
6, fces, 100056797686298.47, 3.67, 0.00, 2535
6, fces, 99927337784227.72, 4.27, 0.00, 2935
6, fces, 99953630892639.90, 4.87, 0.00, 3327
6, fces, 101330164106749.02, 5.47, 0.00, 3721
6, fces, 101769287782345.33, 6.07, 0.00, 4107
6, fces, 101289210078227.50, 6.67, 0.00, 4499
6, fces, 101619321639674.41, 7.27, 0.00, 4888
6, fces, 101942283760373.31, 7.87, 0.00, 5275
6, fces, 101802676843046.58, 8.47, 0.00, 5662
6, fces, 101493330327867.47, 9.07, 0.00, 6043
6, fces, 101624336309621.13, 9.67, 0.00, 6430
6, fces, 101849185317470.02, 10.27, 0.00, 6811
6, fces, 102109137248053.83, 10.87, 0.00, 7209
6, fces, 102084600626025.40, 11.47, 0.00, 7600
6, fces, 101640743860931.75, 12.07, 0.00, 7980
6, fces, 101045023060223.38, 12.67, 0.00, 8364
6, fces, 101263963674893.70, 13.27, 0.00, 8755
6, fces, 101023853867635.94, 13.87, 0.00, 9147
6, fces, 100907570564313.70, 14.47, 0.00, 9531
6, fces, 100932915027103.30, 15.07, 0.00, 9920
6, fces, 100675710867778.20, 15.67, 0.00, 10307
6, fces, 100402530115789.23, 16.27, 0.00, 10697
6, fces, 100583320559567.50, 16.87, 0.00, 11085
6, fces, 100623767248004.82, 17.47, 0.00, 11467
6, fces, 100686785353247.62, 18.07, 0.00, 11848
6, fces, 100864988873755.96, 18.67, 0.00, 12245
6, fces, 100604221483505.78, 19.27, 0.00, 12634
6, fces, 100558177485081.31, 19.87, 0.00, 13021
6, fces, 100802718138288.96, 20.47, 0.00, 13411
6, fces, 101010920224044.68, 21.07, 0.00, 13819
6, fces, 100911984794063.05, 21.67, 0.00, 14224
6, fces, 100926458918935.84, 22.27, 0.00, 14647
6, fces, 100936791356507.94, 22.87, 0.00, 15065
6, fces, 100971809279329.58, 23.47, 0.00, 15487
6, fces, 100926795047334.22, 24.07, 0.00, 15908
6, fces, 101051358151201.60, 24.67, 0.00, 16335
6, fces, 101275599432187.65, 25.27, 0.00, 16764
6, fces, 101347308016318.40, 25.87, 0.00, 17191
6, fces, 101403021563659.55, 26.47, 0.00, 17610
6, fces, 101285156328704.28, 27.07, 0.00, 18025
6, fces, 101354087481770.42, 27.67, 0.00, 18427
6, fces, 101286005231655.56, 28.27, 0.00, 18828
6, fces, 101387625642035.76, 28.87, 0.00, 19230
6, fces, 101235326446836.71, 29.47, 0.00, 19616
6, fces, 101046775338671.31, 30.07, 0.00, 20007
6, fces, 100952732295170.95, 30.67, 0.00, 20390
6, fces, 100897773639961.71, 31.27, 0.00, 20779
6, fces, 100803331047785.12, 31.87, 0.00, 21163
6, fces, 100783792649584.82, 32.48, 0.00, 21550
6, fces, 100820536742604.45, 33.09, 0.00, 21938
6, fces, 100844596789566.30, 33.70, 0.00, 22331
6, fces, 100725327495207.86, 34.31, 0.00, 22718
6, fces, 100768989001953.96, 34.92, 0.00, 23108
6, fces, 100892653759641.47, 35.53, 0.00, 23496
6, fces, 100888912103040.86, 36.14, 0.00, 23884
6, fces, 100893937558094.29, 36.75, 0.00, 24269
6, fces, 100860706106762.17, 37.36, 0.00, 24650
6, fces, 100987073104942.53, 37.97, 0.00, 25039
6, fces, 100981441320138.06, 38.58, 0.00, 25421
6, fces, 101102146566990.39, 39.19, 0.00, 25801
6, fces, 101015313828903.73, 39.80, 0.00, 26187
6, fces, 101068699993700.42, 40.41, 0.00, 26574
6, fces, 101191781358826.55, 41.02, 0.00, 26955
6, fces, 101065745869971.60, 41.63, 0.00, 27339
6, fces, 101062037089618.73, 42.24, 0.00, 27728
6, fces, 101027553474775.18, 42.85, 0.00, 28108
6, fces, 101051522205670.52, 43.46, 0.00, 28502
6, fces, 101058722681591.40, 44.07, 0.00, 28885
6, fces, 101021486198789.89, 44.68, 0.00, 29269
6, fces, 100998115886835.76, 45.29, 0.00, 29652
6, fces, 100938124554156.21, 45.90, 0.00, 30037
6, fces, 100971274228464.14, 46.51, 0.00, 30417
6, fces, 100922216737972.55, 47.12, 0.00, 30803
6, fces, 100951519825347.96, 47.73, 0.00, 31185
6, fces, 100897201032017.10, 48.34, 0.00, 31573
6, fces, 101031595124257.52, 48.95, 0.00, 31964
6, fces, 101046419901027.73, 49.56, 0.00, 32347
6, fces, 101043494810785.24, 50.17, 0.00, 32735
6, fces, 101119609891926.49, 50.78, 0.00, 33134
6, fces, 101086463822663.10, 51.39, 0.00, 33535
6, fces, 101121023842140.81, 52.00, 0.00, 33939
6, fces, 101157550101864.75, 52.61, 0.00, 34345
6, fces, 101151876273973.94, 53.22, 0.00, 34749
6, fces, 101266790226394.46, 53.83, 0.00, 35157
6, fces, 101286079385959.70, 54.44, 0.00, 35574
6, fces, 101259656739506.91, 55.05, 0.00, 35983
6, fces, 101261131578739.35, 55.66, 0.00, 36389
6, fces, 101294918543758.04, 56.27, 0.00, 36793
6, fces, 101181068790476.99, 56.88, 0.00, 37201
6, fces, 101209934007805.19, 57.49, 0.00, 37610
6, fces, 101209711716571.15, 58.10, 0.00, 38022
6, fces, 101306713496491.96, 58.71, 0.00, 38427
6, fces, 101342887994862.49, 59.32, 0.00, 38845
6, fces, 101372447793968.20, 59.93, 0.00, 39268
7, fces, 83740324453977.70, 0.01, 0.00, 2
7, fces, 100724606903712.25, 0.62, 0.00, 429
7, fces, 105763814391314.24, 1.23, 0.00, 852
7, fces, 102571398199579.10, 1.84, 0.00, 1279
7, fces, 103523459944096.73, 2.45, 0.00, 1700
7, fces, 103757442765007.48, 3.06, 0.00, 2108
7, fces, 103304823249835.90, 3.67, 0.00, 2519
7, fces, 102792814519445.44, 4.27, 0.00, 2911
7, fces, 102482222055598.49, 4.87, 0.00, 3305
7, fces, 100974475082552.06, 5.47, 0.00, 3693
7, fces, 101387610083969.68, 6.07, 0.00, 4086
7, fces, 101202814956173.44, 6.67, 0.00, 4471
7, fces, 101721171346223.80, 7.27, 0.00, 4864
7, fces, 101077897014962.60, 7.87, 0.00, 5250
7, fces, 101307477177759.70, 8.47, 0.00, 5630
7, fces, 100900071238075.54, 9.07, 0.00, 6012
7, fces, 101227599553987.83, 9.67, 0.00, 6401
7, fces, 101298329797415.41, 10.27, 0.00, 6787
7, fces, 101214472564311.84, 10.87, 0.00, 7169
7, fces, 101382207822657.20, 11.47, 0.00, 7555
7, fces, 101503665697859.88, 12.07, 0.00, 7936
7, fces, 101755654294785.98, 12.67, 0.00, 8319
7, fces, 101674994787774.63, 13.27, 0.00, 8712
7, fces, 101611472467791.54, 13.87, 0.00, 9096
7, fces, 101746845050129.07, 14.47, 0.00, 9481
7, fces, 101574949998138.74, 15.07, 0.00, 9877
7, fces, 101286758686422.46, 15.67, 0.00, 10266
7, fces, 100902466482576.88, 16.27, 0.00, 10650
7, fces, 101197151460315.96, 16.87, 0.00, 11041
7, fces, 101122057439179.14, 17.47, 0.00, 11426
7, fces, 101352632747687.11, 18.07, 0.00, 11817
7, fces, 101272545357367.45, 18.67, 0.00, 12204
7, fces, 101654511592442.78, 19.27, 0.00, 12589
7, fces, 101711917600772.92, 19.87, 0.00, 12970
7, fces, 101852148848018.60, 20.47, 0.00, 13369
7, fces, 101974464097986.07, 21.07, 0.00, 13775
7, fces, 102047238050158.65, 21.67, 0.00, 14191
7, fces, 101963004213668.59, 22.27, 0.00, 14614
7, fces, 102285449772816.54, 22.87, 0.00, 15042
7, fces, 102295836008145.25, 23.47, 0.00, 15467
7, fces, 102252346736077.10, 24.07, 0.00, 15892
7, fces, 102224588976682.04, 24.67, 0.00, 16322
7, fces, 102208884983309.72, 25.27, 0.00, 16749
7, fces, 102418827308731.78, 25.87, 0.00, 17179
7, fces, 102327595219147.48, 26.47, 0.00, 17603
7, fces, 102523811131828.54, 27.07, 0.00, 18018
7, fces, 102313742509076.90, 27.67, 0.00, 18423
7, fces, 102264212020479.04, 28.27, 0.00, 18822
7, fces, 102243610457946.61, 28.87, 0.00, 19215
7, fces, 102158170069246.93, 29.47, 0.00, 19608
7, fces, 102037761371963.60, 30.07, 0.00, 19995
7, fces, 101880377614286.77, 30.67, 0.00, 20386
7, fces, 101677026463130.78, 31.27, 0.00, 20768
7, fces, 101615022324414.31, 31.87, 0.00, 21152
7, fces, 101439945283308.85, 32.48, 0.00, 21539
7, fces, 101217916155788.70, 33.09, 0.00, 21934
7, fces, 101148130504936.91, 33.70, 0.00, 22321
7, fces, 101076942635406.10, 34.31, 0.00, 22703
7, fces, 101099688861621.31, 34.92, 0.00, 23093
7, fces, 101131925945826.84, 35.53, 0.00, 23478
7, fces, 101104285460073.95, 36.14, 0.00, 23863
7, fces, 101249142044001.58, 36.75, 0.00, 24247
7, fces, 101353248089154.55, 37.36, 0.00, 24627
7, fces, 101286335146383.14, 37.97, 0.00, 25015
7, fces, 101395026478696.24, 38.58, 0.00, 25395
7, fces, 101521734309289.67, 39.19, 0.00, 25785
7, fces, 101470322831650.45, 39.80, 0.00, 26167
7, fces, 101591356673082.38, 40.41, 0.00, 26551
7, fces, 101577548048843.79, 41.02, 0.00, 26935
7, fces, 101639937836224.26, 41.63, 0.00, 27319
7, fces, 101693009518725.26, 42.24, 0.00, 27699
7, fces, 101728356191678.66, 42.85, 0.00, 28086
7, fces, 101787613155512.49, 43.46, 0.00, 28467
7, fces, 101777902662136.42, 44.07, 0.00, 28859
7, fces, 101722444290084.12, 44.68, 0.00, 29238
7, fces, 101753710328352.70, 45.29, 0.00, 29624
7, fces, 101680396807829.93, 45.90, 0.00, 30006
7, fces, 101710466407293.32, 46.51, 0.00, 30393
7, fces, 101641630005513.43, 47.12, 0.00, 30782
7, fces, 101765504536616.16, 47.73, 0.00, 31164
7, fces, 101737014291095.78, 48.34, 0.00, 31555
7, fces, 101683080548144.89, 48.95, 0.00, 31936
7, fces, 101726978652642.16, 49.56, 0.00, 32322
7, fces, 101672696452974.69, 50.17, 0.00, 32705
7, fces, 101693679343731.57, 50.78, 0.00, 33101
7, fces, 101692948750288.17, 51.39, 0.00, 33507
7, fces, 101641089887697.01, 52.00, 0.00, 33915
7, fces, 101664245340411.44, 52.61, 0.00, 34322
7, fces, 101602208772822.69, 53.22, 0.00, 34736
7, fces, 101594661482985.85, 53.83, 0.00, 35147
7, fces, 101614997445624.06, 54.44, 0.00, 35558
7, fces, 101625622234455.88, 55.05, 0.00, 35973
7, fces, 101629147330616.04, 55.66, 0.00, 36370
7, fces, 101618063633539.09, 56.27, 0.00, 36783
7, fces, 101583454151106.20, 56.88, 0.00, 37192
7, fces, 101523941081231.98, 57.49, 0.00, 37601
7, fces, 101475433712237.55, 58.10, 0.00, 38011
7, fces, 101467303576265.32, 58.71, 0.00, 38422
7, fces, 101343829763170.45, 59.32, 0.00, 38843
7, fces, 101320709517090.74, 59.93, 0.00, 39259
8, fces, 85634110500994.12, 0.01, 0.00, 7
8, fces, 104957694392885.40, 0.62, 0.00, 430
8, fces, 102789871528506.74, 1.23, 0.00, 866
8, fces, 104053160498940.97, 1.84, 0.00, 1289
8, fces, 104480310144910.37, 2.45, 0.00, 1699
8, fces, 104155072266883.64, 3.06, 0.00, 2105
8, fces, 102958445511206.98, 3.67, 0.00, 2512
8, fces, 103718810469943.17, 4.27, 0.00, 2905
8, fces, 103386361244080.31, 4.87, 0.00, 3299
8, fces, 102780272438290.06, 5.47, 0.00, 3692
8, fces, 103212216527132.31, 6.07, 0.00, 4081
8, fces, 103245639937407.61, 6.67, 0.00, 4469
8, fces, 102659474517044.45, 7.27, 0.00, 4855
8, fces, 102179123676445.42, 7.87, 0.00, 5239
8, fces, 101864782533510.02, 8.47, 0.00, 5622
8, fces, 101900703882730.73, 9.07, 0.00, 6010
8, fces, 101544912275580.57, 9.67, 0.00, 6393
8, fces, 101697250156896.55, 10.27, 0.00, 6782
8, fces, 102147937277559.35, 10.87, 0.00, 7164
8, fces, 101832795348126.66, 11.47, 0.00, 7551
8, fces, 102074884811117.22, 12.07, 0.00, 7930
8, fces, 102190485115657.83, 12.67, 0.00, 8317
8, fces, 102033472535670.49, 13.27, 0.00, 8704
8, fces, 101787551571682.21, 13.87, 0.00, 9092
8, fces, 101665255761321.04, 14.47, 0.00, 9474
8, fces, 101900524677188.65, 15.07, 0.00, 9864
8, fces, 102044765861400.38, 15.67, 0.00, 10247
8, fces, 102005011051386.79, 16.27, 0.00, 10631
8, fces, 102030650032114.36, 16.87, 0.00, 11023
8, fces, 101948114712717.54, 17.47, 0.00, 11410
8, fces, 102163604806672.34, 18.07, 0.00, 11791
8, fces, 101920753317046.78, 18.67, 0.00, 12181
8, fces, 101727597448863.45, 19.27, 0.00, 12570
8, fces, 101868858865616.52, 19.87, 0.00, 12962
8, fces, 101807101609275.12, 20.47, 0.00, 13371
8, fces, 101906408052404.06, 21.07, 0.00, 13788
8, fces, 101939616279002.01, 21.67, 0.00, 14204
8, fces, 101906614088421.24, 22.27, 0.00, 14624
8, fces, 101996158030157.91, 22.87, 0.00, 15041
8, fces, 101780554401749.56, 23.47, 0.00, 15465
8, fces, 101763206002807.68, 24.07, 0.00, 15892
8, fces, 101841367994467.54, 24.67, 0.00, 16321
8, fces, 101745985524679.17, 25.27, 0.00, 16746
8, fces, 101673663998483.67, 25.87, 0.00, 17174
8, fces, 101762442096087.02, 26.47, 0.00, 17594
8, fces, 101486426392952.90, 27.07, 0.00, 18002
8, fces, 101326342292138.52, 27.67, 0.00, 18406
8, fces, 101350374135903.57, 28.27, 0.00, 18803
8, fces, 101219034278486.09, 28.87, 0.00, 19202
8, fces, 101187954893408.71, 29.47, 0.00, 19596
8, fces, 101147267000193.55, 30.07, 0.00, 19983
8, fces, 101140543845405.01, 30.67, 0.00, 20374
8, fces, 101366322437040.59, 31.27, 0.00, 20760
8, fces, 101258182288770.26, 31.87, 0.00, 21140
8, fces, 101312418764852.89, 32.48, 0.00, 21525
8, fces, 101103534637136.89, 33.09, 0.00, 21918
8, fces, 101197570614378.60, 33.70, 0.00, 22307
8, fces, 101162421057858.00, 34.31, 0.00, 22691
8, fces, 101175066657786.88, 34.92, 0.00, 23078
8, fces, 101262758601405.44, 35.53, 0.00, 23463
8, fces, 101430600521960.54, 36.14, 0.00, 23845
8, fces, 101472451064967.20, 36.75, 0.00, 24232
8, fces, 101651213488388.53, 37.36, 0.00, 24616
8, fces, 101535098127303.96, 37.97, 0.00, 25005
8, fces, 101560203374755.92, 38.58, 0.00, 25381
8, fces, 101428200663076.89, 39.19, 0.00, 25765
8, fces, 101521500130783.25, 39.80, 0.00, 26149
8, fces, 101389386822767.19, 40.41, 0.00, 26527
8, fces, 101497561188274.18, 41.02, 0.00, 26915
8, fces, 101560449797824.97, 41.63, 0.00, 27295
8, fces, 101579498849856.87, 42.24, 0.00, 27681
8, fces, 101686594690801.26, 42.85, 0.00, 28068
8, fces, 101797896365367.11, 43.46, 0.00, 28451
8, fces, 101751840925835.61, 44.07, 0.00, 28837
8, fces, 101867266500062.80, 44.68, 0.00, 29220
8, fces, 101850359885649.42, 45.29, 0.00, 29600
8, fces, 101927207068573.55, 45.90, 0.00, 29989
8, fces, 101928355411327.77, 46.51, 0.00, 30369
8, fces, 101974431995018.84, 47.12, 0.00, 30758
8, fces, 101922726682349.11, 47.73, 0.00, 31148
8, fces, 101909037096759.96, 48.34, 0.00, 31526
8, fces, 101980686458379.89, 48.95, 0.00, 31918
8, fces, 101986467702578.01, 49.56, 0.00, 32299
8, fces, 102061545017391.67, 50.17, 0.00, 32688
8, fces, 102054479986366.59, 50.78, 0.00, 33089
8, fces, 102062347516364.30, 51.39, 0.00, 33491
8, fces, 102032962853276.18, 52.00, 0.00, 33902
8, fces, 101997947633739.02, 52.61, 0.00, 34308
8, fces, 101930277326592.35, 53.22, 0.00, 34713
8, fces, 101938819182987.14, 53.83, 0.00, 35134
8, fces, 101962655883830.92, 54.44, 0.00, 35547
8, fces, 101975428208339.52, 55.05, 0.00, 35955
8, fces, 101861877655017.73, 55.66, 0.00, 36376
8, fces, 101900404855791.73, 56.27, 0.00, 36779
8, fces, 101914073314465.99, 56.88, 0.00, 37187
8, fces, 101996042197269.60, 57.49, 0.00, 37593
8, fces, 101952995340143.54, 58.10, 0.00, 38007
8, fces, 101944506807848.42, 58.71, 0.00, 38426
8, fces, 102021584034351.50, 59.32, 0.00, 38849
8, fces, 101962023468153.55, 59.93, 0.00, 39281
9, fces, 65017216458838.23, 0.01, 0.00, 8
9, fces, 100229393469864.22, 0.62, 0.00, 442
9, fces, 106780799767184.85, 1.23, 0.00, 872
9, fces, 104948572564414.15, 1.84, 0.00, 1285
9, fces, 101368290972445.09, 2.45, 0.00, 1704
9, fces, 100139312180605.44, 3.06, 0.00, 2109
9, fces, 102782491372036.26, 3.67, 0.00, 2505
9, fces, 101815020845341.33, 4.27, 0.00, 2905
9, fces, 102813603728730.77, 4.87, 0.00, 3291
9, fces, 102642352892796.14, 5.47, 0.00, 3685
9, fces, 102131125009919.63, 6.07, 0.00, 4070
9, fces, 101712599463946.43, 6.67, 0.00, 4458
9, fces, 101724107586083.26, 7.27, 0.00, 4845
9, fces, 102068721110112.93, 7.87, 0.00, 5223
9, fces, 101586209043185.53, 8.47, 0.00, 5618
9, fces, 101073287016444.82, 9.07, 0.00, 6004
9, fces, 101022384057212.99, 9.67, 0.00, 6389
9, fces, 101186766017742.75, 10.27, 0.00, 6775
9, fces, 101194491366768.78, 10.87, 0.00, 7155
9, fces, 101121549809335.96, 11.47, 0.00, 7544
9, fces, 101224904386805.38, 12.07, 0.00, 7931
9, fces, 100797802631419.29, 12.67, 0.00, 8319
9, fces, 100814084734183.32, 13.27, 0.00, 8709
9, fces, 100903251420495.31, 13.87, 0.00, 9091
9, fces, 100991911342007.70, 14.47, 0.00, 9483
9, fces, 100948460881486.07, 15.07, 0.00, 9870
9, fces, 101040138482014.08, 15.67, 0.00, 10260
9, fces, 101149588947725.22, 16.27, 0.00, 10656
9, fces, 101269419280071.65, 16.87, 0.00, 11041
9, fces, 101028486043506.76, 17.47, 0.00, 11425
9, fces, 101115330824047.28, 18.07, 0.00, 11814
9, fces, 101134596249205.91, 18.67, 0.00, 12212
9, fces, 101034057928534.25, 19.27, 0.00, 12595
9, fces, 101012654001976.52, 19.87, 0.00, 12993
9, fces, 100778061286907.60, 20.47, 0.00, 13399
9, fces, 100825959679614.72, 21.07, 0.00, 13811
9, fces, 101028128000664.14, 21.67, 0.00, 14229
9, fces, 101038334865428.34, 22.27, 0.00, 14657
9, fces, 101106850919382.96, 22.87, 0.00, 15081
9, fces, 101312985815697.73, 23.47, 0.00, 15499
9, fces, 101244740789079.29, 24.07, 0.00, 15927
9, fces, 101235147677318.08, 24.67, 0.00, 16358
9, fces, 101300662484325.76, 25.27, 0.00, 16792
9, fces, 101241360871550.33, 25.87, 0.00, 17210
9, fces, 101059837734749.91, 26.47, 0.00, 17624
9, fces, 101098549774209.94, 27.07, 0.00, 18026
9, fces, 101138179488646.34, 27.67, 0.00, 18421
9, fces, 101105200015261.96, 28.27, 0.00, 18816
9, fces, 101072005164117.24, 28.87, 0.00, 19205
9, fces, 101140926754009.02, 29.47, 0.00, 19601
9, fces, 101132584003744.34, 30.07, 0.00, 19991
9, fces, 101214043208816.07, 30.67, 0.00, 20376
9, fces, 101202050061158.85, 31.27, 0.00, 20753
9, fces, 101211434711331.16, 31.87, 0.00, 21137
9, fces, 101209748519168.43, 32.48, 0.00, 21525
9, fces, 101299295255850.27, 33.09, 0.00, 21918
9, fces, 101244816312367.98, 33.70, 0.00, 22307
9, fces, 101310945372634.86, 34.31, 0.00, 22698
9, fces, 101213894592701.61, 34.92, 0.00, 23077
9, fces, 101135244116954.56, 35.53, 0.00, 23470
9, fces, 101142379656660.13, 36.14, 0.00, 23856
9, fces, 101192997930637.84, 36.75, 0.00, 24247
9, fces, 101139727787438.15, 37.36, 0.00, 24629
9, fces, 101291919759418.70, 37.97, 0.00, 25017
9, fces, 101233937335715.02, 38.58, 0.00, 25402
9, fces, 101316814518161.89, 39.19, 0.00, 25784
9, fces, 101397746582524.69, 39.80, 0.00, 26170
9, fces, 101302796927929.42, 40.41, 0.00, 26550
9, fces, 101332796734615.28, 41.02, 0.00, 26937
9, fces, 101410938692091.68, 41.63, 0.00, 27323
9, fces, 101529564659549.56, 42.24, 0.00, 27708
9, fces, 101549142000551.67, 42.85, 0.00, 28095
9, fces, 101594509556033.93, 43.46, 0.00, 28477
9, fces, 101682733743438.69, 44.07, 0.00, 28865
9, fces, 101682137023579.16, 44.68, 0.00, 29248
9, fces, 101730988054826.60, 45.29, 0.00, 29628
9, fces, 101886306866732.42, 45.90, 0.00, 30012
9, fces, 101865209221474.33, 46.51, 0.00, 30393
9, fces, 101738129523175.32, 47.12, 0.00, 30776
9, fces, 101658542152164.58, 47.73, 0.00, 31161
9, fces, 101710642153349.47, 48.34, 0.00, 31547
9, fces, 101739573320952.60, 48.95, 0.00, 31931
9, fces, 101702079216209.21, 49.56, 0.00, 32318
9, fces, 101782612656193.31, 50.17, 0.00, 32712
9, fces, 101676272032476.97, 50.78, 0.00, 33115
9, fces, 101724895126428.27, 51.39, 0.00, 33522
9, fces, 101787355668990.03, 52.00, 0.00, 33929
9, fces, 101757398967288.79, 52.61, 0.00, 34333
9, fces, 101746769416589.48, 53.22, 0.00, 34750
9, fces, 101670136259634.37, 53.83, 0.00, 35154
9, fces, 101672922570407.46, 54.44, 0.00, 35561
9, fces, 101646624775548.70, 55.05, 0.00, 35966
9, fces, 101692633700798.51, 55.66, 0.00, 36380
9, fces, 101613320936122.54, 56.27, 0.00, 36789
9, fces, 101663480822740.34, 56.88, 0.00, 37201
9, fces, 101663814596189.72, 57.49, 0.00, 37614
9, fces, 101679641308559.88, 58.10, 0.00, 38031
9, fces, 101597453576355.91, 58.71, 0.00, 38450
9, fces, 101657878757301.56, 59.32, 0.00, 38877
9, fces, 101606720270769.86, 59.93, 0.00, 39299
10, fces, 72697534502635.78, 0.01, 0.00, 7
10, fces, 107702742366720.28, 0.62, 0.00, 433
10, fces, 108404539084430.30, 1.23, 0.00, 860
10, fces, 105315015166125.81, 1.84, 0.00, 1271
10, fces, 105436737626648.16, 2.45, 0.00, 1680
10, fces, 105749638026795.46, 3.06, 0.00, 2086
10, fces, 104785739954213.90, 3.67, 0.00, 2485
10, fces, 104319353439478.34, 4.27, 0.00, 2874
10, fces, 103809506047584.05, 4.87, 0.00, 3264
10, fces, 103664443484002.39, 5.47, 0.00, 3661
10, fces, 103643415036330.42, 6.07, 0.00, 4047
10, fces, 103207400338789.44, 6.67, 0.00, 4432
10, fces, 103055625153469.31, 7.27, 0.00, 4819
10, fces, 102846784621935.01, 7.87, 0.00, 5209
10, fces, 102593567126274.90, 8.47, 0.00, 5596
10, fces, 102344783098959.89, 9.07, 0.00, 5980
10, fces, 102346797301571.41, 9.67, 0.00, 6371
10, fces, 102427212723447.89, 10.27, 0.00, 6753
10, fces, 102616903635593.65, 10.87, 0.00, 7142
10, fces, 102529723938107.32, 11.47, 0.00, 7528
10, fces, 102666226510952.44, 12.07, 0.00, 7912
10, fces, 102718057576107.13, 12.67, 0.00, 8307
10, fces, 102995366892372.88, 13.27, 0.00, 8689
10, fces, 103241401976164.40, 13.87, 0.00, 9074
10, fces, 103229246083930.29, 14.47, 0.00, 9457
10, fces, 103238601990367.93, 15.07, 0.00, 9842
10, fces, 103428127839442.55, 15.67, 0.00, 10229
10, fces, 103557094829044.33, 16.27, 0.00, 10622
10, fces, 103460381763400.42, 16.87, 0.00, 11009
10, fces, 103540538213316.21, 17.47, 0.00, 11390
10, fces, 103700296678630.72, 18.07, 0.00, 11773
10, fces, 103701226586896.11, 18.67, 0.00, 12158
10, fces, 104166921070107.55, 19.27, 0.00, 12556
10, fces, 103855797889429.96, 19.87, 0.00, 12954
10, fces, 103721404606187.78, 20.47, 0.00, 13370
10, fces, 103607245796590.34, 21.07, 0.00, 13781
10, fces, 103538748229852.04, 21.67, 0.00, 14198
10, fces, 103104068425137.84, 22.27, 0.00, 14615
10, fces, 102945235305369.07, 22.87, 0.00, 15048
10, fces, 102905456877312.09, 23.47, 0.00, 15472
10, fces, 102877140544460.43, 24.07, 0.00, 15901
10, fces, 102849126322336.00, 24.67, 0.00, 16333
10, fces, 102560803721963.51, 25.27, 0.00, 16761
10, fces, 102656985624304.36, 25.87, 0.00, 17178
10, fces, 102541154306966.10, 26.47, 0.00, 17585
10, fces, 102491924548693.24, 27.07, 0.00, 17992
10, fces, 102304709258952.72, 27.67, 0.00, 18386
10, fces, 102321352164139.56, 28.27, 0.00, 18782
10, fces, 102328774999971.03, 28.87, 0.00, 19174
10, fces, 102315238129193.08, 29.47, 0.00, 19564
10, fces, 102553538135147.26, 30.07, 0.00, 19960
10, fces, 102599570370078.14, 30.67, 0.00, 20347
10, fces, 102609816528919.01, 31.27, 0.00, 20727
10, fces, 102465079823222.21, 31.87, 0.00, 21122
10, fces, 102524086297413.10, 32.48, 0.00, 21508
10, fces, 102423582188359.06, 33.09, 0.00, 21897
10, fces, 102252734292167.27, 33.70, 0.00, 22280
10, fces, 102200373179748.99, 34.31, 0.00, 22671
10, fces, 102283222410276.10, 34.92, 0.00, 23063
10, fces, 102416546011130.06, 35.53, 0.00, 23456
10, fces, 102356112140408.60, 36.14, 0.00, 23838
10, fces, 102311008278804.85, 36.75, 0.00, 24222
10, fces, 102253450002401.17, 37.36, 0.00, 24612
10, fces, 102284786612082.94, 37.97, 0.00, 25002
10, fces, 102343975258092.74, 38.58, 0.00, 25388
10, fces, 102304966668914.41, 39.19, 0.00, 25772
10, fces, 102295460246001.71, 39.80, 0.00, 26160
10, fces, 102322920368392.23, 40.41, 0.00, 26540
10, fces, 102261588330451.89, 41.02, 0.00, 26926
10, fces, 102240118030398.64, 41.63, 0.00, 27312
10, fces, 102202036386751.80, 42.24, 0.00, 27700
10, fces, 102386320861575.46, 42.85, 0.00, 28084
10, fces, 102437420624713.73, 43.46, 0.00, 28469
10, fces, 102525609934977.82, 44.07, 0.00, 28851
10, fces, 102520163211437.09, 44.68, 0.00, 29231
10, fces, 102514267480706.19, 45.29, 0.00, 29622
10, fces, 102476034725269.20, 45.90, 0.00, 30002
10, fces, 102371547440328.89, 46.51, 0.00, 30386
10, fces, 102330544279139.84, 47.12, 0.00, 30768
10, fces, 102302522926062.12, 47.73, 0.00, 31152
10, fces, 102285767681888.85, 48.34, 0.00, 31546
10, fces, 102290708228402.12, 48.95, 0.00, 31929
10, fces, 102329566830064.05, 49.56, 0.00, 32324
10, fces, 102313123197448.84, 50.17, 0.00, 32719
10, fces, 102301389758988.71, 50.78, 0.00, 33126
10, fces, 102242244438931.99, 51.39, 0.00, 33532
10, fces, 102261354238386.01, 52.00, 0.00, 33951
10, fces, 102297922367845.31, 52.61, 0.00, 34361
10, fces, 102272704614177.81, 53.22, 0.00, 34770
10, fces, 102234283307987.44, 53.83, 0.00, 35179
10, fces, 102169874988727.96, 54.44, 0.00, 35595
10, fces, 102258782966220.10, 55.05, 0.00, 35997
10, fces, 102175949809161.41, 55.66, 0.00, 36418
10, fces, 102034585858386.99, 56.27, 0.00, 36826
10, fces, 101926225324532.59, 56.88, 0.00, 37232
10, fces, 101851855316448.21, 57.49, 0.00, 37647
10, fces, 101875689890148.84, 58.10, 0.00, 38064
10, fces, 101805083073128.22, 58.71, 0.00, 38482
10, fces, 101816062184771.67, 59.32, 0.00, 38911
10, fces, 101819546916030.13, 59.93, 0.00, 39343
11, fces, 56350227639936.86, 0.01, 0.00, 7
11, fces, 111017687658257.17, 0.62, 0.00, 433
11, fces, 104620248727378.83, 1.23, 0.00, 852
11, fces, 105061953292907.79, 1.84, 0.00, 1264
11, fces, 105074137454073.82, 2.45, 0.00, 1670
11, fces, 105667134281464.95, 3.06, 0.00, 2073
11, fces, 105212850319169.45, 3.67, 0.00, 2467
11, fces, 104749955249639.12, 4.27, 0.00, 2862
11, fces, 104361701082811.35, 4.87, 0.00, 3252
11, fces, 103150200383043.71, 5.47, 0.00, 3640
11, fces, 103242820263343.65, 6.07, 0.00, 4031
11, fces, 103053750684275.14, 6.67, 0.00, 4418
11, fces, 103533513271717.32, 7.27, 0.00, 4805
11, fces, 103038421209005.55, 7.87, 0.00, 5187
11, fces, 102834422693473.39, 8.47, 0.00, 5575
11, fces, 102193921184632.73, 9.07, 0.00, 5959
11, fces, 102095599403449.74, 9.67, 0.00, 6347
11, fces, 101854024108448.95, 10.27, 0.00, 6728
11, fces, 102051742053054.92, 10.87, 0.00, 7118
11, fces, 101799384406561.18, 11.47, 0.00, 7503
11, fces, 101321028779220.00, 12.07, 0.00, 7887
11, fces, 100765571806834.14, 12.67, 0.00, 8277
11, fces, 101271589310313.71, 13.27, 0.00, 8660
11, fces, 101518797901581.21, 13.87, 0.00, 9051
11, fces, 101404973698442.03, 14.47, 0.00, 9443
11, fces, 101557635162888.81, 15.07, 0.00, 9828
11, fces, 101272916271773.56, 15.67, 0.00, 10219
11, fces, 100989106347424.31, 16.27, 0.00, 10602
11, fces, 100937310409991.79, 16.87, 0.00, 10988
11, fces, 101153204389154.16, 17.47, 0.00, 11381
11, fces, 100976229177216.00, 18.07, 0.00, 11768
11, fces, 101147286705934.67, 18.67, 0.00, 12153
11, fces, 101418373709419.02, 19.27, 0.00, 12542
11, fces, 101773635249401.46, 19.87, 0.00, 12950
11, fces, 101933903001180.77, 20.47, 0.00, 13362
11, fces, 101958398956681.06, 21.07, 0.00, 13780
11, fces, 101889668028477.27, 21.67, 0.00, 14197
11, fces, 101993268032130.91, 22.27, 0.00, 14614
11, fces, 101794385030558.95, 22.87, 0.00, 15041
11, fces, 101815559706423.54, 23.47, 0.00, 15473
11, fces, 102032663736293.41, 24.07, 0.00, 15896
11, fces, 101903890129909.25, 24.67, 0.00, 16328
11, fces, 101892268608350.42, 25.27, 0.00, 16757
11, fces, 101818722957324.16, 25.87, 0.00, 17172
11, fces, 101898300464102.00, 26.47, 0.00, 17574
11, fces, 102062523619857.66, 27.07, 0.00, 17975
11, fces, 101989022078441.38, 27.67, 0.00, 18373
11, fces, 102012106683290.91, 28.27, 0.00, 18773
11, fces, 102074072995151.19, 28.87, 0.00, 19159
11, fces, 102065596990474.39, 29.47, 0.00, 19547
11, fces, 101914071451062.67, 30.07, 0.00, 19933
11, fces, 101770100236156.10, 30.67, 0.00, 20320
11, fces, 101622645691611.68, 31.27, 0.00, 20703
11, fces, 101643353062893.18, 31.87, 0.00, 21087
11, fces, 101703764237310.12, 32.48, 0.00, 21479
11, fces, 101677185365374.20, 33.09, 0.00, 21861
11, fces, 101746971657942.33, 33.70, 0.00, 22247
11, fces, 101940909087545.43, 34.31, 0.00, 22632
11, fces, 101971223085478.16, 34.92, 0.00, 23014
11, fces, 101920269422572.20, 35.53, 0.00, 23402
11, fces, 101936776861790.81, 36.14, 0.00, 23783
11, fces, 101907911547497.45, 36.75, 0.00, 24168
11, fces, 102010166381642.67, 37.36, 0.00, 24550
11, fces, 102092389497162.20, 37.97, 0.00, 24936
11, fces, 102120851982452.23, 38.58, 0.00, 25323
11, fces, 102088900389411.08, 39.19, 0.00, 25708
11, fces, 102148154505983.08, 39.80, 0.00, 26094
11, fces, 102060570386797.57, 40.41, 0.00, 26469
11, fces, 102065901420677.86, 41.02, 0.00, 26854
11, fces, 102119928972021.68, 41.63, 0.00, 27246
11, fces, 102169349732881.12, 42.24, 0.00, 27625
11, fces, 102351435681394.78, 42.85, 0.00, 28013
11, fces, 102424166674580.06, 43.46, 0.00, 28393
11, fces, 102630384721330.85, 44.07, 0.00, 28782
11, fces, 102624643426170.45, 44.68, 0.00, 29165
11, fces, 102513562423190.00, 45.29, 0.00, 29556
11, fces, 102330414746899.07, 45.90, 0.00, 29940
11, fces, 102308943973548.03, 46.51, 0.00, 30326
11, fces, 102379489923790.53, 47.12, 0.00, 30711
11, fces, 102449887192701.67, 47.73, 0.00, 31097
11, fces, 102549743388133.93, 48.34, 0.00, 31486
11, fces, 102629248195774.31, 48.95, 0.00, 31875
11, fces, 102484443737643.02, 49.56, 0.00, 32270
11, fces, 102545689932003.07, 50.17, 0.00, 32676
11, fces, 102538589682417.05, 50.78, 0.00, 33086
11, fces, 102540093377383.44, 51.39, 0.00, 33489
11, fces, 102613055909892.22, 52.00, 0.00, 33895
11, fces, 102485286854206.28, 52.61, 0.00, 34304
11, fces, 102590660163995.70, 53.22, 0.00, 34715
11, fces, 102588460963461.77, 53.83, 0.00, 35121
11, fces, 102583754435223.39, 54.44, 0.00, 35534
11, fces, 102479244500146.21, 55.05, 0.00, 35942
11, fces, 102395126544085.05, 55.66, 0.00, 36352
11, fces, 102368118274215.87, 56.27, 0.00, 36757
11, fces, 102389215081280.34, 56.88, 0.00, 37165
11, fces, 102468025434582.29, 57.49, 0.00, 37585
11, fces, 102388076817462.41, 58.10, 0.00, 38011
11, fces, 102528305061534.54, 58.71, 0.00, 38433
11, fces, 102482217767211.34, 59.32, 0.00, 38859
11, fces, 102519493345948.66, 59.93, 0.00, 39281
12, fces, 209150411061114.35, 0.01, 0.00, 6
12, fces, 101219892621133.95, 0.62, 0.00, 431
12, fces, 105249247436113.70, 1.23, 0.00, 847
12, fces, 106352556593126.42, 1.84, 0.00, 1255
12, fces, 105402024854964.21, 2.45, 0.00, 1664
12, fces, 105657165812547.75, 3.06, 0.00, 2064
12, fces, 106722741209138.01, 3.67, 0.00, 2458
12, fces, 105188491044646.80, 4.27, 0.00, 2848
12, fces, 104479900065750.23, 4.87, 0.00, 3237
12, fces, 105049191063386.55, 5.47, 0.00, 3624
12, fces, 105410791129659.04, 6.07, 0.00, 4017
12, fces, 105336329805685.36, 6.67, 0.00, 4404
12, fces, 104618941355536.25, 7.27, 0.00, 4792
12, fces, 104322339448918.13, 7.87, 0.00, 5175
12, fces, 104476583231776.35, 8.47, 0.00, 5564
12, fces, 104824788401594.68, 9.07, 0.00, 5950
12, fces, 103907172662250.59, 9.67, 0.00, 6328
12, fces, 103686264283223.66, 10.27, 0.00, 6714
12, fces, 103648082482227.74, 10.87, 0.00, 7104
12, fces, 103338421695172.42, 11.47, 0.00, 7488
12, fces, 103467770776843.54, 12.07, 0.00, 7874
12, fces, 103102258862231.34, 12.67, 0.00, 8259
12, fces, 102678770124831.39, 13.27, 0.00, 8648
12, fces, 102589500249817.69, 13.87, 0.00, 9030
12, fces, 103074300100923.45, 14.47, 0.00, 9419
12, fces, 102827834745340.52, 15.07, 0.00, 9811
12, fces, 102761297431641.66, 15.67, 0.00, 10195
12, fces, 102682992788839.06, 16.27, 0.00, 10581
12, fces, 102602211093312.29, 16.87, 0.00, 10971
12, fces, 102744362991876.89, 17.47, 0.00, 11353
12, fces, 102734196451424.11, 18.07, 0.00, 11736
12, fces, 102742891897963.33, 18.67, 0.00, 12124
12, fces, 102754342255061.62, 19.27, 0.00, 12525
12, fces, 102704071047649.90, 19.87, 0.00, 12939
12, fces, 102865519433502.11, 20.47, 0.00, 13351
12, fces, 102964780990934.90, 21.07, 0.00, 13772
12, fces, 102979836831228.62, 21.67, 0.00, 14189
12, fces, 102780519520790.15, 22.27, 0.00, 14618
12, fces, 102568775128983.73, 22.87, 0.00, 15051
12, fces, 102842371514490.53, 23.47, 0.00, 15473
12, fces, 102768212876588.60, 24.07, 0.00, 15907
12, fces, 102569419930878.30, 24.67, 0.00, 16337
12, fces, 102357307043918.98, 25.27, 0.00, 16763
12, fces, 102306741975076.32, 25.87, 0.00, 17174
12, fces, 102187932845142.86, 26.47, 0.00, 17580
12, fces, 102116543855643.68, 27.07, 0.00, 17973
12, fces, 102150163893334.82, 27.67, 0.00, 18367
12, fces, 102052963027244.61, 28.27, 0.00, 18759
12, fces, 102001746611456.62, 28.87, 0.00, 19148
12, fces, 102064379082552.97, 29.47, 0.00, 19529
12, fces, 102019426110033.53, 30.07, 0.00, 19919
12, fces, 102068970642175.36, 30.67, 0.00, 20302
12, fces, 102167628958194.79, 31.27, 0.00, 20683
12, fces, 102012144180449.55, 31.87, 0.00, 21069
12, fces, 102098327916645.61, 32.48, 0.00, 21455
12, fces, 102050444443353.87, 33.09, 0.00, 21849
12, fces, 102030589188954.05, 33.70, 0.00, 22240
12, fces, 101872283045987.92, 34.31, 0.00, 22619
12, fces, 101882759420330.54, 34.92, 0.00, 23005
12, fces, 101984442096949.72, 35.53, 0.00, 23390
12, fces, 101935072369750.47, 36.14, 0.00, 23774
12, fces, 102113221108230.56, 36.75, 0.00, 24161
12, fces, 102076436805939.08, 37.36, 0.00, 24543
12, fces, 102068285786806.79, 37.97, 0.00, 24929
12, fces, 102010627412162.57, 38.58, 0.00, 25310
12, fces, 102147260340567.49, 39.19, 0.00, 25698
12, fces, 102164711993023.02, 39.80, 0.00, 26080
12, fces, 102209647701143.57, 40.41, 0.00, 26462
12, fces, 102333530118687.07, 41.02, 0.00, 26855
12, fces, 102323007299219.62, 41.63, 0.00, 27237
12, fces, 102370607510008.02, 42.24, 0.00, 27622
12, fces, 102233348072056.82, 42.85, 0.00, 28007
12, fces, 102236584818559.73, 43.46, 0.00, 28392
12, fces, 102284622639568.80, 44.07, 0.00, 28772
12, fces, 102259834506725.70, 44.68, 0.00, 29157
12, fces, 102371346696527.09, 45.29, 0.00, 29541
12, fces, 102291586813579.76, 45.90, 0.00, 29923
12, fces, 102351014811472.57, 46.51, 0.00, 30306
12, fces, 102451065245104.45, 47.12, 0.00, 30697
12, fces, 102385727954121.42, 47.73, 0.00, 31078
12, fces, 102630697268409.67, 48.34, 0.00, 31459
12, fces, 102602801380480.58, 48.95, 0.00, 31853
12, fces, 102515017175064.14, 49.56, 0.00, 32250
12, fces, 102474222598279.85, 50.17, 0.00, 32662
12, fces, 102532593032001.55, 50.78, 0.00, 33067
12, fces, 102540637020140.28, 51.39, 0.00, 33476
12, fces, 102539293970088.50, 52.00, 0.00, 33884
12, fces, 102649139063376.80, 52.61, 0.00, 34294
12, fces, 102637220433851.24, 53.22, 0.00, 34700
12, fces, 102628432865837.53, 53.83, 0.00, 35113
12, fces, 102559232125001.55, 54.45, 0.00, 35522
12, fces, 102548027439783.28, 55.06, 0.00, 35936
12, fces, 102589266129911.19, 55.67, 0.00, 36340
12, fces, 102677053036673.93, 56.28, 0.00, 36743
12, fces, 102734439580536.87, 56.89, 0.00, 37151
12, fces, 102695520640880.29, 57.50, 0.00, 37566
12, fces, 102778715512917.12, 58.11, 0.00, 37981
12, fces, 102794838912537.13, 58.72, 0.00, 38407
12, fces, 102802358746819.88, 59.33, 0.00, 38836
12, fces, 102784169413020.94, 59.94, 0.00, 39261
13, fces, 136337262558155.18, 0.01, 0.00, 7
13, fces, 102057885039175.07, 0.62, 0.00, 432
13, fces, 101547164430506.60, 1.23, 0.00, 849
13, fces, 99757225792323.41, 1.84, 0.00, 1263
13, fces, 99963416523916.58, 2.45, 0.00, 1669
13, fces, 99396831545318.81, 3.06, 0.00, 2064
13, fces, 100953508709299.44, 3.67, 0.00, 2467
13, fces, 101963768271221.87, 4.27, 0.00, 2858
13, fces, 101124270707541.31, 4.87, 0.00, 3242
13, fces, 101029593715806.15, 5.47, 0.00, 3630
13, fces, 100804729318554.54, 6.07, 0.00, 4019
13, fces, 100516473991882.49, 6.67, 0.00, 4410
13, fces, 101275663223368.84, 7.27, 0.00, 4799
13, fces, 101588801318306.89, 7.87, 0.00, 5176
13, fces, 101522970255878.58, 8.47, 0.00, 5565
13, fces, 101910102236609.73, 9.07, 0.00, 5953
13, fces, 102103594980501.83, 9.67, 0.00, 6339
13, fces, 102157074332433.72, 10.27, 0.00, 6722
13, fces, 101951430275440.31, 10.87, 0.00, 7107
13, fces, 101345743494267.47, 11.47, 0.00, 7494
13, fces, 101333031553913.18, 12.07, 0.00, 7878
13, fces, 101016197270299.30, 12.67, 0.00, 8262
13, fces, 100873465943593.56, 13.27, 0.00, 8650
13, fces, 101174035918990.47, 13.87, 0.00, 9042
13, fces, 101103107159483.00, 14.47, 0.00, 9434
13, fces, 100977454108542.78, 15.07, 0.00, 9821
13, fces, 100669497940980.11, 15.67, 0.00, 10205
13, fces, 100358879996399.26, 16.27, 0.00, 10599
13, fces, 100307445458895.39, 16.87, 0.00, 10987
13, fces, 100213370440992.57, 17.47, 0.00, 11371
13, fces, 100449434679177.57, 18.07, 0.00, 11763
13, fces, 100613379468771.45, 18.67, 0.00, 12151
13, fces, 100806608149216.21, 19.27, 0.00, 12554
13, fces, 100666810167020.88, 19.87, 0.00, 12965
13, fces, 100665679458511.85, 20.47, 0.00, 13383
13, fces, 100955709021130.13, 21.07, 0.00, 13797
13, fces, 100822083183901.95, 21.67, 0.00, 14212
13, fces, 100870317908234.59, 22.27, 0.00, 14638
13, fces, 100732907196079.14, 22.87, 0.00, 15074
13, fces, 100896877611352.33, 23.47, 0.00, 15497
13, fces, 100765590515126.71, 24.07, 0.00, 15930
13, fces, 100839407905557.59, 24.67, 0.00, 16355
13, fces, 100813109785824.82, 25.27, 0.00, 16776
13, fces, 100801185387471.94, 25.87, 0.00, 17179
13, fces, 100774669048447.75, 26.47, 0.00, 17581
13, fces, 101020934278001.23, 27.07, 0.00, 17983
13, fces, 101143491461312.53, 27.67, 0.00, 18381
13, fces, 101134406167272.38, 28.27, 0.00, 18766
13, fces, 101230366804361.24, 28.87, 0.00, 19153
13, fces, 101100186730477.87, 29.47, 0.00, 19542
13, fces, 100887756867609.86, 30.07, 0.00, 19928
13, fces, 100888784174992.67, 30.67, 0.00, 20312
13, fces, 100917298689923.49, 31.27, 0.00, 20692
13, fces, 101048101087537.98, 31.87, 0.00, 21077
13, fces, 100887446864427.18, 32.48, 0.00, 21468
13, fces, 100653350594101.96, 33.09, 0.00, 21851
13, fces, 100699623537947.37, 33.70, 0.00, 22235
13, fces, 100619480373623.23, 34.31, 0.00, 22631
13, fces, 100614012017421.59, 34.92, 0.00, 23013
13, fces, 100531039686791.04, 35.53, 0.00, 23395
13, fces, 100425345735987.90, 36.14, 0.00, 23777
13, fces, 100593339301687.79, 36.75, 0.00, 24169
13, fces, 100614048787706.73, 37.36, 0.00, 24551
13, fces, 100708811683042.08, 37.97, 0.00, 24936
13, fces, 100853492098594.49, 38.58, 0.00, 25320
13, fces, 100938021291581.59, 39.19, 0.00, 25701
13, fces, 100975671754402.83, 39.80, 0.00, 26088
13, fces, 101043812136582.67, 40.41, 0.00, 26475
13, fces, 100947371706035.07, 41.02, 0.00, 26856
13, fces, 100955766754190.53, 41.63, 0.00, 27242
13, fces, 100859249891367.03, 42.24, 0.00, 27620
13, fces, 100747922012949.41, 42.85, 0.00, 28006
13, fces, 100739435468051.49, 43.46, 0.00, 28396
13, fces, 100745991989238.47, 44.07, 0.00, 28785
13, fces, 100762422068728.85, 44.68, 0.00, 29171
13, fces, 100961642438298.18, 45.29, 0.00, 29553
13, fces, 100934209556131.17, 45.90, 0.00, 29935
13, fces, 100973262369796.21, 46.51, 0.00, 30317
13, fces, 101121271165367.06, 47.12, 0.00, 30713
13, fces, 101168210124814.95, 47.73, 0.00, 31092
13, fces, 101112160639851.79, 48.34, 0.00, 31476
13, fces, 101013378893535.88, 48.95, 0.00, 31866
13, fces, 100884785517152.42, 49.56, 0.00, 32267
13, fces, 100997920310858.35, 50.17, 0.00, 32678
13, fces, 101027044918986.15, 50.78, 0.00, 33084
13, fces, 100988947060180.77, 51.39, 0.00, 33493
13, fces, 100870164061422.75, 52.00, 0.00, 33900
13, fces, 100858316524220.91, 52.61, 0.00, 34317
13, fces, 100785724858566.39, 53.22, 0.00, 34723
13, fces, 100870648580994.31, 53.83, 0.00, 35124
13, fces, 101033764710467.39, 54.44, 0.00, 35535
13, fces, 100958955727801.54, 55.05, 0.00, 35943
13, fces, 100905058470112.53, 55.66, 0.00, 36354
13, fces, 101001589005530.78, 56.27, 0.00, 36758
13, fces, 100966615441746.68, 56.88, 0.00, 37172
13, fces, 100964595869343.98, 57.49, 0.00, 37587
13, fces, 101003143506436.98, 58.10, 0.00, 38015
13, fces, 101048739160967.42, 58.71, 0.00, 38437
13, fces, 101097003825514.82, 59.32, 0.00, 38866
13, fces, 101050237908048.44, 59.93, 0.00, 39292
