exp_rep, bfly, algo, time, preprocess_time, iterations
1, fces, 3710095612100.18, 0.01, 2187.81, 1
1, fces, 37994931209876.95, 0.62, 2187.81, 120
1, fces, 34299978422497.67, 1.23, 2187.81, 248
1, fces, 38237439385270.35, 1.84, 2187.81, 389
1, fces, 38982160289183.84, 2.45, 2187.81, 540
1, fces, 37862919636599.88, 3.06, 2187.81, 699
1, fces, 38291668186433.88, 3.67, 2187.81, 869
1, fces, 38869638254035.71, 4.27, 2187.81, 1047
1, fces, 40793967421545.43, 4.87, 2187.81, 1240
1, fces, 40812039133613.69, 5.47, 2187.81, 1442
1, fces, 41235522244580.05, 6.07, 2187.81, 1651
1, fces, 40630830377008.38, 6.67, 2187.81, 1874
1, fces, 39589906244196.49, 7.27, 2187.81, 2107
1, fces, 39660394394306.51, 7.87, 2187.81, 2348
1, fces, 39964151668273.20, 8.47, 2187.81, 2608
1, fces, 39838959708738.69, 9.07, 2187.81, 2875
1, fces, 39852131615845.98, 9.67, 2187.81, 3153
1, fces, 39689555470001.15, 10.27, 2187.81, 3445
1, fces, 39534487302538.02, 10.87, 2187.81, 3755
1, fces, 39634414643114.87, 11.47, 2187.81, 4070
1, fces, 39809942177446.19, 12.07, 2187.81, 4388
1, fces, 40148808308907.67, 12.67, 2187.81, 4709
1, fces, 39832137678958.86, 13.28, 2187.81, 5039
1, fces, 39936234730152.91, 13.88, 2187.81, 5374
1, fces, 40004626747310.65, 14.48, 2187.81, 5719
1, fces, 40024794114491.31, 15.08, 2187.81, 6064
1, fces, 40008266787852.27, 15.68, 2187.81, 6408
1, fces, 39834604066422.79, 16.28, 2187.81, 6761
1, fces, 40024121830776.53, 16.88, 2187.81, 7114
1, fces, 40025104031298.66, 17.48, 2187.81, 7475
1, fces, 39970671011053.01, 18.08, 2187.81, 7840
1, fces, 39947803360353.67, 18.68, 2187.81, 8209
1, fces, 39800521648304.60, 19.28, 2187.81, 8589
1, fces, 39764172228556.85, 19.88, 2187.81, 8971
1, fces, 40019644002859.67, 20.48, 2187.81, 9344
1, fces, 40159811074086.64, 21.08, 2187.81, 9729
1, fces, 40036491216975.94, 21.68, 2187.81, 10122
1, fces, 40170892082954.50, 22.28, 2187.81, 10507
1, fces, 40048213439593.14, 22.88, 2187.81, 10902
1, fces, 40218689289274.21, 23.48, 2187.81, 11300
1, fces, 40221648760566.79, 24.08, 2187.81, 11697
1, fces, 40157932175828.51, 24.68, 2187.81, 12094
1, fces, 40187411232933.36, 25.28, 2187.81, 12496
1, fces, 40180203505228.37, 25.88, 2187.81, 12906
1, fces, 40304615755659.58, 26.48, 2187.81, 13316
1, fces, 40289858725217.27, 27.08, 2187.81, 13732
1, fces, 40314067219660.40, 27.68, 2187.81, 14144
1, fces, 40431955017333.57, 28.28, 2187.81, 14555
1, fces, 40447111888026.83, 28.88, 2187.81, 14964
1, fces, 40531269134899.93, 29.48, 2187.81, 15374
1, fces, 40554260779720.01, 30.08, 2187.81, 15787
1, fces, 40508630956112.68, 30.68, 2187.81, 16197
1, fces, 40498152551266.60, 31.28, 2187.81, 16615
1, fces, 40463414563304.91, 31.88, 2187.81, 17037
1, fces, 40464196573830.66, 32.49, 2187.81, 17468
1, fces, 40416669788283.68, 33.10, 2187.81, 17902
1, fces, 40386324822164.69, 33.71, 2187.81, 18329
1, fces, 40366599235695.08, 34.32, 2187.81, 18766
1, fces, 40464949457033.46, 34.93, 2187.81, 19198
1, fces, 40467007029470.84, 35.54, 2187.81, 19631
1, fces, 40531870469422.71, 36.15, 2187.81, 20070
1, fces, 40504410439829.49, 36.76, 2187.81, 20519
1, fces, 40498890976580.85, 37.37, 2187.81, 20963
1, fces, 40491654230713.03, 37.98, 2187.81, 21399
1, fces, 40492879530787.48, 38.59, 2187.81, 21848
1, fces, 40511762169681.59, 39.20, 2187.81, 22291
1, fces, 40509283588969.69, 39.81, 2187.81, 22743
1, fces, 40468426914322.85, 40.42, 2187.81, 23176
1, fces, 40486606811748.40, 41.03, 2187.81, 23618
1, fces, 40402760397155.21, 41.64, 2187.81, 24061
1, fces, 40391625230887.02, 42.25, 2187.81, 24504
1, fces, 40427442548157.38, 42.86, 2187.81, 24949
1, fces, 40477758239700.75, 43.47, 2187.81, 25391
1, fces, 40517910628753.59, 44.08, 2187.81, 25837
1, fces, 40558788375980.38, 44.69, 2187.81, 26274
1, fces, 40585987412737.20, 45.30, 2187.81, 26725
1, fces, 40575931978999.47, 45.91, 2187.81, 27170
1, fces, 40625118386830.98, 46.52, 2187.81, 27615
1, fces, 40595646844907.56, 47.13, 2187.81, 28064
1, fces, 40613963400830.06, 47.74, 2187.81, 28510
1, fces, 40605892220548.78, 48.35, 2187.81, 28969
1, fces, 40599607580604.09, 48.96, 2187.81, 29414
1, fces, 40649946873025.34, 49.57, 2187.81, 29850
1, fces, 40643578183346.57, 50.18, 2187.81, 30303
1, fces, 40671228747140.48, 50.79, 2187.81, 30755
1, fces, 40692374305443.99, 51.40, 2187.81, 31214
1, fces, 40626961545306.03, 52.01, 2187.81, 31692
1, fces, 40578824862155.58, 52.62, 2187.81, 32173
1, fces, 40541549436881.50, 53.23, 2187.81, 32673
1, fces, 40558118519576.79, 53.84, 2187.81, 33164
1, fces, 40555264598705.89, 54.45, 2187.81, 33653
1, fces, 40564744140094.84, 55.06, 2187.81, 34110
1, fces, 40594503466343.27, 55.67, 2187.81, 34556
1, fces, 40631666713087.49, 56.28, 2187.81, 35003
1, fces, 40670510686158.77, 56.89, 2187.81, 35464
1, fces, 40718692304880.73, 57.50, 2187.81, 35933
1, fces, 40746954007901.34, 58.11, 2187.81, 36376
1, fces, 40747405078581.35, 58.72, 2187.81, 36817
1, fces, 40801522713638.30, 59.33, 2187.81, 37286
1, fces, 40824416414272.20, 59.94, 2187.81, 37767
2, fces, 45936293808378.08, 0.01, 0.00, 9
2, fces, 38934860381805.16, 0.62, 0.00, 497
2, fces, 40287124202314.64, 1.23, 0.00, 997
2, fces, 39488925050828.12, 1.84, 0.00, 1504
2, fces, 39415309629900.57, 2.45, 0.00, 2010
2, fces, 39615972765533.18, 3.06, 0.00, 2530
2, fces, 39983713948011.20, 3.67, 0.00, 3057
2, fces, 40189238225329.28, 4.27, 0.00, 3573
2, fces, 40501671757022.29, 4.87, 0.00, 4098
2, fces, 40709889362807.67, 5.47, 0.00, 4619
2, fces, 40353145110950.81, 6.07, 0.00, 5156
2, fces, 40413250163445.41, 6.67, 0.00, 5681
2, fces, 40205293009060.96, 7.27, 0.00, 6177
2, fces, 40382311112639.14, 7.87, 0.00, 6659
2, fces, 40290651752611.06, 8.47, 0.00, 7128
2, fces, 40291367441275.49, 9.07, 0.00, 7591
2, fces, 40175989380690.25, 9.67, 0.00, 8051
2, fces, 40132795850514.93, 10.27, 0.00, 8503
2, fces, 40008510295562.76, 10.87, 0.00, 8950
2, fces, 39809115646857.48, 11.47, 0.00, 9399
2, fces, 39904537113704.23, 12.07, 0.00, 9833
2, fces, 39904115207410.99, 12.67, 0.00, 10275
2, fces, 39927863829264.11, 13.27, 0.00, 10724
2, fces, 39965618261970.32, 13.87, 0.00, 11157
2, fces, 39951295060870.90, 14.47, 0.00, 11595
2, fces, 39915674945435.04, 15.07, 0.00, 12028
2, fces, 39822419587336.46, 15.67, 0.00, 12463
2, fces, 39852405785953.32, 16.27, 0.00, 12899
2, fces, 39954772015481.74, 16.87, 0.00, 13327
2, fces, 39951107209882.33, 17.47, 0.00, 13760
2, fces, 39916276280654.11, 18.07, 0.00, 14195
2, fces, 39984182124252.76, 18.67, 0.00, 14629
2, fces, 39914896993961.89, 19.27, 0.00, 15060
2, fces, 40005729265940.16, 19.87, 0.00, 15494
2, fces, 39888459897645.33, 20.47, 0.00, 15927
2, fces, 39958970580805.19, 21.07, 0.00, 16371
2, fces, 39985193837112.92, 21.67, 0.00, 16801
2, fces, 40003390465839.02, 22.27, 0.00, 17233
2, fces, 40026622834665.73, 22.87, 0.00, 17670
2, fces, 40022832915941.00, 23.47, 0.00, 18095
2, fces, 39991973110285.13, 24.07, 0.00, 18528
2, fces, 40029390713198.72, 24.67, 0.00, 18953
2, fces, 39983556171018.54, 25.27, 0.00, 19384
2, fces, 39987682354184.49, 25.87, 0.00, 19808
2, fces, 39995249915693.93, 26.47, 0.00, 20232
2, fces, 40060415824237.74, 27.07, 0.00, 20671
2, fces, 40066814562632.76, 27.67, 0.00, 21103
2, fces, 40083133117548.93, 28.27, 0.00, 21541
2, fces, 40070422995846.71, 28.87, 0.00, 21979
2, fces, 40033905272946.69, 29.47, 0.00, 22409
2, fces, 40023254841087.19, 30.07, 0.00, 22848
2, fces, 40146597408937.43, 30.67, 0.00, 23283
2, fces, 40171046726425.67, 31.27, 0.00, 23735
2, fces, 40225392168678.80, 31.87, 0.00, 24174
2, fces, 40277182410183.19, 32.48, 0.00, 24629
2, fces, 40350093623904.82, 33.09, 0.00, 25070
2, fces, 40377837713691.93, 33.70, 0.00, 25517
2, fces, 40455767999826.54, 34.31, 0.00, 25966
2, fces, 40457308227370.30, 34.92, 0.00, 26418
2, fces, 40406334609613.63, 35.53, 0.00, 26868
2, fces, 40393420378878.50, 36.14, 0.00, 27315
2, fces, 40396069148726.03, 36.75, 0.00, 27759
2, fces, 40360634028225.50, 37.36, 0.00, 28216
2, fces, 40384279402984.29, 37.97, 0.00, 28668
2, fces, 40360007856994.73, 38.58, 0.00, 29108
2, fces, 40330306094033.57, 39.19, 0.00, 29555
2, fces, 40378324476659.88, 39.80, 0.00, 30006
2, fces, 40406189317441.01, 40.41, 0.00, 30446
2, fces, 40407114820230.84, 41.02, 0.00, 30895
2, fces, 40518976618043.90, 41.63, 0.00, 31332
2, fces, 40512377194589.49, 42.24, 0.00, 31787
2, fces, 40536798345577.28, 42.85, 0.00, 32226
2, fces, 40551154591507.04, 43.46, 0.00, 32671
2, fces, 40501972230817.39, 44.07, 0.00, 33128
2, fces, 40463524741656.51, 44.68, 0.00, 33587
2, fces, 40477506594214.82, 45.29, 0.00, 34037
2, fces, 40553943975311.32, 45.90, 0.00, 34493
2, fces, 40521763741337.41, 46.51, 0.00, 34957
2, fces, 40481015636872.19, 47.12, 0.00, 35426
2, fces, 40454446987080.61, 47.73, 0.00, 35904
2, fces, 40403791491758.04, 48.34, 0.00, 36388
2, fces, 40395476451903.40, 48.95, 0.00, 36881
2, fces, 40392306938052.36, 49.56, 0.00, 37378
2, fces, 40365499192856.55, 50.17, 0.00, 37855
2, fces, 40378430856573.65, 50.78, 0.00, 38317
2, fces, 40364582156668.59, 51.39, 0.00, 38762
2, fces, 40406858157172.65, 52.00, 0.00, 39204
2, fces, 40420699668380.99, 52.61, 0.00, 39662
2, fces, 40461016903997.73, 53.22, 0.00, 40127
2, fces, 40438828845720.99, 53.83, 0.00, 40571
2, fces, 40469438438434.76, 54.44, 0.00, 41033
2, fces, 40505857715918.12, 55.05, 0.00, 41503
2, fces, 40464420257674.64, 55.66, 0.00, 41997
2, fces, 40485123265405.77, 56.27, 0.00, 42484
2, fces, 40470651359562.40, 56.88, 0.00, 42982
2, fces, 40443533566247.86, 57.49, 0.00, 43487
2, fces, 40439910943095.54, 58.10, 0.00, 43997
2, fces, 40428838483985.90, 58.71, 0.00, 44518
2, fces, 40496633921913.43, 59.32, 0.00, 45042
2, fces, 40497819180279.35, 59.93, 0.00, 45562
3, fces, 70918328390946.16, 0.01, 0.00, 9
3, fces, 43683918322650.45, 0.62, 0.00, 542
3, fces, 43430193837393.78, 1.23, 0.00, 1075
3, fces, 42606667401400.15, 1.84, 0.00, 1613
3, fces, 43119349985330.03, 2.45, 0.00, 2153
3, fces, 42439575596885.00, 3.06, 0.00, 2670
3, fces, 42535696099135.56, 3.67, 0.00, 3164
3, fces, 42974812881800.86, 4.27, 0.00, 3642
3, fces, 42817254977270.18, 4.87, 0.00, 4108
3, fces, 42868616028941.08, 5.47, 0.00, 4557
3, fces, 42593027279127.28, 6.07, 0.00, 5010
3, fces, 42716696636584.04, 6.67, 0.00, 5454
3, fces, 42347316891209.89, 7.27, 0.00, 5901
3, fces, 42269171474680.35, 7.87, 0.00, 6342
3, fces, 42000587397621.99, 8.47, 0.00, 6777
3, fces, 42019772665030.09, 9.07, 0.00, 7224
3, fces, 41825853638573.44, 9.67, 0.00, 7656
3, fces, 41734243969155.37, 10.27, 0.00, 8087
3, fces, 41507694880338.35, 10.87, 0.00, 8528
3, fces, 41670909822881.03, 11.47, 0.00, 8968
3, fces, 41602021558652.49, 12.07, 0.00, 9392
3, fces, 41495931142226.64, 12.67, 0.00, 9831
3, fces, 41534263090817.74, 13.27, 0.00, 10264
3, fces, 41510157184046.65, 13.87, 0.00, 10696
3, fces, 41541976916586.47, 14.47, 0.00, 11127
3, fces, 41615665813433.67, 15.07, 0.00, 11561
3, fces, 41577615613054.26, 15.67, 0.00, 11984
3, fces, 41637819451988.15, 16.28, 0.00, 12421
3, fces, 41677972979839.27, 16.88, 0.00, 12855
3, fces, 41676685528774.79, 17.48, 0.00, 13292
3, fces, 41618009192484.93, 18.08, 0.00, 13724
3, fces, 41589585086597.44, 18.68, 0.00, 14153
3, fces, 41607334237932.01, 19.28, 0.00, 14586
3, fces, 41543470066268.34, 19.88, 0.00, 15009
3, fces, 41525237684556.03, 20.48, 0.00, 15445
3, fces, 41528843481134.86, 21.08, 0.00, 15874
3, fces, 41437052082522.33, 21.68, 0.00, 16307
3, fces, 41345392473546.38, 22.28, 0.00, 16735
3, fces, 41378805832862.56, 22.88, 0.00, 17168
3, fces, 41484838228041.41, 23.48, 0.00, 17593
3, fces, 41507144062469.29, 24.08, 0.00, 18025
3, fces, 41458534259841.00, 24.68, 0.00, 18461
3, fces, 41346223612771.43, 25.28, 0.00, 18898
3, fces, 41362181642679.08, 25.88, 0.00, 19332
3, fces, 41319910306922.38, 26.48, 0.00, 19766
3, fces, 41225152188344.19, 27.08, 0.00, 20212
3, fces, 41247824060823.74, 27.68, 0.00, 20654
3, fces, 41221149488529.19, 28.28, 0.00, 21092
3, fces, 41205171623834.59, 28.88, 0.00, 21535
3, fces, 41200263942485.58, 29.48, 0.00, 21973
3, fces, 41293801241639.86, 30.08, 0.00, 22409
3, fces, 41234369444126.99, 30.68, 0.00, 22851
3, fces, 41211588991548.15, 31.28, 0.00, 23292
3, fces, 41251547255565.55, 31.88, 0.00, 23737
3, fces, 41204471418604.18, 32.49, 0.00, 24180
3, fces, 41204665096719.50, 33.10, 0.00, 24631
3, fces, 41149199174789.37, 33.71, 0.00, 25077
3, fces, 41133212801897.98, 34.32, 0.00, 25516
3, fces, 41213978845251.65, 34.93, 0.00, 25971
3, fces, 41184795158093.88, 35.55, 0.00, 26429
3, fces, 41170764221521.96, 36.16, 0.00, 26877
3, fces, 41185194305270.33, 36.77, 0.00, 27327
3, fces, 41192347597906.97, 37.38, 0.00, 27767
3, fces, 41196354783814.21, 37.99, 0.00, 28218
3, fces, 41178319362483.44, 38.60, 0.00, 28669
3, fces, 41118479476315.39, 39.21, 0.00, 29117
3, fces, 41196670367948.34, 39.82, 0.00, 29573
3, fces, 41193120949895.02, 40.43, 0.00, 30027
3, fces, 41221003850383.55, 41.04, 0.00, 30468
3, fces, 41235275359463.53, 41.65, 0.00, 30915
3, fces, 41258090324463.19, 42.26, 0.00, 31375
3, fces, 41239914713029.65, 42.87, 0.00, 31835
3, fces, 41277869959819.70, 43.48, 0.00, 32309
3, fces, 41281071707870.13, 44.09, 0.00, 32788
3, fces, 41295084485569.22, 44.70, 0.00, 33289
3, fces, 41266703307940.40, 45.31, 0.00, 33782
3, fces, 41300567247610.33, 45.92, 0.00, 34268
3, fces, 41277824291508.16, 46.53, 0.00, 34730
3, fces, 41259131618396.17, 47.14, 0.00, 35179
3, fces, 41242918349933.32, 47.75, 0.00, 35624
3, fces, 41238126975999.57, 48.36, 0.00, 36076
3, fces, 41291686267907.01, 48.97, 0.00, 36541
3, fces, 41289065201789.09, 49.58, 0.00, 36986
3, fces, 41329293823554.93, 50.19, 0.00, 37440
3, fces, 41340976393910.16, 50.80, 0.00, 37896
3, fces, 41362042910419.77, 51.41, 0.00, 38371
3, fces, 41430202760417.73, 52.02, 0.00, 38868
3, fces, 41443267725988.35, 52.63, 0.00, 39356
3, fces, 41416866394308.82, 53.24, 0.00, 39867
3, fces, 41425364858384.44, 53.85, 0.00, 40377
3, fces, 41428048417326.85, 54.46, 0.00, 40890
3, fces, 41411625222057.39, 55.07, 0.00, 41408
3, fces, 41407775754597.58, 55.68, 0.00, 41931
3, fces, 41395713444473.87, 56.29, 0.00, 42458
3, fces, 41387729726955.03, 56.90, 0.00, 42999
3, fces, 41419831586573.83, 57.51, 0.00, 43536
3, fces, 41452649208339.80, 58.12, 0.00, 44061
3, fces, 41445204269864.82, 58.73, 0.00, 44567
3, fces, 41398562911797.98, 59.34, 0.00, 45062
3, fces, 41406468393210.17, 59.95, 0.00, 45538
4, fces, 44667598740112.18, 0.01, 0.00, 9
4, fces, 37888007071949.02, 0.62, 0.00, 494
4, fces, 38853021800726.91, 1.23, 0.00, 954
4, fces, 39376457300237.16, 1.84, 0.00, 1429
4, fces, 39352802250090.39, 2.45, 0.00, 1880
4, fces, 39540667091725.29, 3.06, 0.00, 2329
4, fces, 39831887910075.24, 3.67, 0.00, 2776
4, fces, 39879085325032.17, 4.27, 0.00, 3216
4, fces, 39921369253140.52, 4.87, 0.00, 3655
4, fces, 40003968781753.13, 5.47, 0.00, 4095
4, fces, 39841621169276.42, 6.07, 0.00, 4520
4, fces, 39726526285380.56, 6.67, 0.00, 4953
4, fces, 39756524343674.13, 7.27, 0.00, 5388
4, fces, 39941601985321.90, 7.87, 0.00, 5818
4, fces, 40010772915698.02, 8.47, 0.00, 6247
4, fces, 40244801169680.23, 9.07, 0.00, 6678
4, fces, 40396500891138.22, 9.67, 0.00, 7108
4, fces, 40342256988659.91, 10.27, 0.00, 7541
4, fces, 40482824401190.73, 10.87, 0.00, 7974
4, fces, 40611141860515.94, 11.47, 0.00, 8403
4, fces, 40759782886121.50, 12.07, 0.00, 8838
4, fces, 40806803162113.47, 12.67, 0.00, 9266
4, fces, 40935918089093.82, 13.27, 0.00, 9693
4, fces, 41051758732023.71, 13.87, 0.00, 10127
4, fces, 40993846965238.98, 14.47, 0.00, 10558
4, fces, 40980463863076.32, 15.07, 0.00, 10982
4, fces, 40803913359171.96, 15.67, 0.00, 11411
4, fces, 40943036489954.25, 16.27, 0.00, 11846
4, fces, 40898282160975.81, 16.87, 0.00, 12271
4, fces, 40963998413822.62, 17.47, 0.00, 12704
4, fces, 40940326692127.56, 18.07, 0.00, 13126
4, fces, 41196600282064.29, 18.67, 0.00, 13563
4, fces, 41119070218195.03, 19.27, 0.00, 13996
4, fces, 41001089737904.84, 19.87, 0.00, 14428
4, fces, 41170014074992.92, 20.47, 0.00, 14857
4, fces, 41099670978895.72, 21.07, 0.00, 15286
4, fces, 41075496497567.72, 21.67, 0.00, 15723
4, fces, 41171182822628.36, 22.27, 0.00, 16162
4, fces, 41113130023476.49, 22.87, 0.00, 16604
4, fces, 41079227140851.53, 23.47, 0.00, 17042
4, fces, 41093130061284.04, 24.07, 0.00, 17484
4, fces, 41052947965116.66, 24.67, 0.00, 17932
4, fces, 41041119470481.94, 25.27, 0.00, 18368
4, fces, 40984129926330.45, 25.87, 0.00, 18803
4, fces, 40957710243088.23, 26.47, 0.00, 19249
4, fces, 40939629831540.20, 27.07, 0.00, 19690
4, fces, 40912345678450.12, 27.67, 0.00, 20136
4, fces, 40962858854753.83, 28.27, 0.00, 20577
4, fces, 40973583257072.78, 28.87, 0.00, 21015
4, fces, 40940537932077.83, 29.47, 0.00, 21456
4, fces, 40987013417973.27, 30.07, 0.00, 21895
4, fces, 40958289612604.12, 30.67, 0.00, 22329
4, fces, 40903402103850.10, 31.27, 0.00, 22778
4, fces, 40952978718862.77, 31.87, 0.00, 23217
4, fces, 40985680092282.96, 32.48, 0.00, 23663
4, fces, 41024052308900.46, 33.09, 0.00, 24097
4, fces, 41010200164432.15, 33.70, 0.00, 24539
4, fces, 41050531083271.49, 34.31, 0.00, 24987
4, fces, 41086602698329.13, 34.92, 0.00, 25436
4, fces, 41055038271232.10, 35.53, 0.00, 25893
4, fces, 41065013151429.93, 36.14, 0.00, 26344
4, fces, 41065080554345.22, 36.75, 0.00, 26784
4, fces, 41002584316331.72, 37.36, 0.00, 27237
4, fces, 40978808896932.83, 37.97, 0.00, 27700
4, fces, 41005188147236.96, 38.58, 0.00, 28170
4, fces, 40981220655492.27, 39.19, 0.00, 28652
4, fces, 40953517546541.31, 39.80, 0.00, 29132
4, fces, 40957893974817.41, 40.41, 0.00, 29627
4, fces, 40978524145381.03, 41.02, 0.00, 30130
4, fces, 40952615730422.23, 41.63, 0.00, 30604
4, fces, 40977250177006.00, 42.24, 0.00, 31076
4, fces, 40952944963602.07, 42.85, 0.00, 31518
4, fces, 40937952673383.95, 43.46, 0.00, 31967
4, fces, 41004366016137.02, 44.07, 0.00, 32424
4, fces, 41038366895349.56, 44.68, 0.00, 32893
4, fces, 41059478659330.27, 45.29, 0.00, 33335
4, fces, 41054313836660.64, 45.90, 0.00, 33788
4, fces, 40990128391485.66, 46.51, 0.00, 34274
4, fces, 40932169551244.86, 47.12, 0.00, 34749
4, fces, 40885170235120.23, 47.74, 0.00, 35249
4, fces, 40875256932817.41, 48.35, 0.00, 35752
4, fces, 40908578566698.84, 48.96, 0.00, 36260
4, fces, 40916198974961.42, 49.57, 0.00, 36771
4, fces, 40902831820162.35, 50.18, 0.00, 37295
4, fces, 40867520941927.55, 50.79, 0.00, 37823
4, fces, 40859672133008.88, 51.40, 0.00, 38351
4, fces, 40881335074775.88, 52.01, 0.00, 38883
4, fces, 40861544530274.46, 52.62, 0.00, 39426
4, fces, 40834405538984.55, 53.23, 0.00, 39976
4, fces, 40866521330681.49, 53.84, 0.00, 40493
4, fces, 40849444999775.82, 54.45, 0.00, 41005
4, fces, 40814389491292.56, 55.06, 0.00, 41501
4, fces, 40826167506289.11, 55.67, 0.00, 41974
4, fces, 40833805594659.21, 56.28, 0.00, 42449
4, fces, 40835981983834.29, 56.89, 0.00, 42914
4, fces, 40842866168676.45, 57.50, 0.00, 43373
4, fces, 40826553392575.90, 58.11, 0.00, 43831
4, fces, 40792894516216.21, 58.72, 0.00, 44278
4, fces, 40774756663129.48, 59.33, 0.00, 44721
4, fces, 40750859334119.94, 59.94, 0.00, 45168
5, fces, 64581435273383.96, 0.01, 0.00, 7
5, fces, 38221636042018.15, 0.62, 0.00, 447
5, fces, 38466043437621.63, 1.23, 0.00, 886
5, fces, 39766314347162.48, 1.84, 0.00, 1325
5, fces, 40826420076168.12, 2.45, 0.00, 1769
5, fces, 41347693034304.44, 3.06, 0.00, 2204
5, fces, 41477955510819.00, 3.67, 0.00, 2648
5, fces, 41164084682413.54, 4.27, 0.00, 3068
5, fces, 41284201888520.97, 4.87, 0.00, 3503
5, fces, 41126171124389.62, 5.47, 0.00, 3932
5, fces, 41268116049047.14, 6.07, 0.00, 4361
5, fces, 41302017174475.58, 6.67, 0.00, 4794
5, fces, 41402836816238.17, 7.27, 0.00, 5234
5, fces, 41291126678642.63, 7.87, 0.00, 5656
5, fces, 41440674249962.87, 8.47, 0.00, 6086
5, fces, 41342313449307.33, 9.07, 0.00, 6516
5, fces, 41356877458989.82, 9.67, 0.00, 6947
5, fces, 41270522444088.26, 10.27, 0.00, 7378
5, fces, 41093458943760.32, 10.87, 0.00, 7822
5, fces, 40972619731445.66, 11.47, 0.00, 8251
5, fces, 41101276247148.43, 12.07, 0.00, 8678
5, fces, 41227753402615.52, 12.67, 0.00, 9110
5, fces, 41182479406983.64, 13.27, 0.00, 9539
5, fces, 41073723771250.38, 13.87, 0.00, 9972
5, fces, 41203879162213.13, 14.47, 0.00, 10409
5, fces, 41172329460896.31, 15.07, 0.00, 10851
5, fces, 41279240328755.71, 15.67, 0.00, 11285
5, fces, 41159648116966.24, 16.27, 0.00, 11719
5, fces, 40970341419100.52, 16.87, 0.00, 12156
5, fces, 41074954426805.94, 17.47, 0.00, 12599
5, fces, 41205753480422.60, 18.07, 0.00, 13028
5, fces, 41100671958349.14, 18.67, 0.00, 13464
5, fces, 41078814949905.63, 19.27, 0.00, 13907
5, fces, 41035329862697.88, 19.87, 0.00, 14353
5, fces, 40933799742976.18, 20.47, 0.00, 14798
5, fces, 40733392670687.62, 21.07, 0.00, 15239
5, fces, 40716713476366.61, 21.67, 0.00, 15678
5, fces, 40713174462269.81, 22.27, 0.00, 16123
5, fces, 40748300668463.53, 22.87, 0.00, 16560
5, fces, 40804122065691.22, 23.47, 0.00, 17007
5, fces, 40902669002990.85, 24.07, 0.00, 17440
5, fces, 40892993746797.80, 24.67, 0.00, 17881
5, fces, 40780686147347.68, 25.27, 0.00, 18318
5, fces, 40756417765820.25, 25.87, 0.00, 18749
5, fces, 40805793505561.64, 26.47, 0.00, 19186
5, fces, 40845158441363.98, 27.07, 0.00, 19631
5, fces, 40892572021311.02, 27.67, 0.00, 20065
5, fces, 40981967895871.56, 28.27, 0.00, 20511
5, fces, 41028412879869.47, 28.87, 0.00, 20965
5, fces, 41043210925629.69, 29.47, 0.00, 21406
5, fces, 40951088491732.38, 30.07, 0.00, 21851
5, fces, 40936239071268.99, 30.67, 0.00, 22316
5, fces, 40957047254717.88, 31.27, 0.00, 22760
5, fces, 40940034812935.23, 31.87, 0.00, 23202
5, fces, 40898148910145.69, 32.48, 0.00, 23661
5, fces, 40898950166725.75, 33.09, 0.00, 24108
5, fces, 40948060644150.00, 33.70, 0.00, 24564
5, fces, 40968633053267.77, 34.31, 0.00, 25052
5, fces, 40918985130405.60, 34.92, 0.00, 25534
5, fces, 40908731795840.81, 35.53, 0.00, 26019
5, fces, 40895384884049.54, 36.14, 0.00, 26515
5, fces, 40834726463646.81, 36.75, 0.00, 27013
5, fces, 40864955807694.67, 37.37, 0.00, 27487
5, fces, 40811074890475.28, 37.98, 0.00, 27944
5, fces, 40782509020036.27, 38.59, 0.00, 28391
5, fces, 40758423960497.86, 39.20, 0.00, 28842
5, fces, 40736469044331.28, 39.81, 0.00, 29305
5, fces, 40715954809915.02, 40.42, 0.00, 29761
5, fces, 40733467563265.34, 41.03, 0.00, 30207
5, fces, 40762920052950.18, 41.64, 0.00, 30660
5, fces, 40771453470455.18, 42.25, 0.00, 31138
5, fces, 40791045742645.28, 42.86, 0.00, 31617
5, fces, 40781296254656.97, 43.47, 0.00, 32105
5, fces, 40791722188371.08, 44.08, 0.00, 32607
5, fces, 40812499854642.95, 44.69, 0.00, 33110
5, fces, 40810849822782.83, 45.30, 0.00, 33627
5, fces, 40823542407069.74, 45.91, 0.00, 34151
5, fces, 40868132936467.66, 46.52, 0.00, 34671
5, fces, 40894148553063.79, 47.13, 0.00, 35205
5, fces, 40873307588515.99, 47.74, 0.00, 35734
5, fces, 40906629123884.47, 48.35, 0.00, 36261
5, fces, 40890984862794.76, 48.96, 0.00, 36810
5, fces, 40925482081877.75, 49.57, 0.00, 37323
5, fces, 40915691564971.07, 50.18, 0.00, 37824
5, fces, 40895622850637.51, 50.79, 0.00, 38313
5, fces, 40894482372835.02, 51.40, 0.00, 38793
5, fces, 40905856650427.53, 52.01, 0.00, 39262
5, fces, 40880490336086.06, 52.62, 0.00, 39726
5, fces, 40909442482485.65, 53.23, 0.00, 40179
5, fces, 40934547436480.86, 53.84, 0.00, 40630
5, fces, 40920515204993.87, 54.45, 0.00, 41072
5, fces, 40914409504508.95, 55.06, 0.00, 41521
5, fces, 40909667386660.25, 55.67, 0.00, 41971
5, fces, 40950059818760.19, 56.28, 0.00, 42411
5, fces, 40956968758217.88, 56.89, 0.00, 42852
5, fces, 40960628451318.26, 57.50, 0.00, 43291
5, fces, 40917630209765.31, 58.11, 0.00, 43731
5, fces, 40930906098682.12, 58.72, 0.00, 44170
5, fces, 40948635365972.18, 59.33, 0.00, 44608
5, fces, 40946761907146.47, 59.94, 0.00, 45049
6, fces, 55334748049698.53, 0.01, 0.00, 7
6, fces, 43996582150502.24, 0.62, 0.00, 443
6, fces, 41923213923485.86, 1.23, 0.00, 883
6, fces, 42187307526184.19, 1.84, 0.00, 1323
6, fces, 41516843181957.17, 2.45, 0.00, 1758
6, fces, 41288609916004.55, 3.06, 0.00, 2191
6, fces, 41312606800485.88, 3.67, 0.00, 2629
6, fces, 40918912068975.61, 4.27, 0.00, 3062
6, fces, 40893758272651.17, 4.87, 0.00, 3489
6, fces, 40685304112879.40, 5.47, 0.00, 3926
6, fces, 40531677792762.21, 6.07, 0.00, 4353
6, fces, 40622158137531.88, 6.67, 0.00, 4774
6, fces, 40507041325399.70, 7.27, 0.00, 5207
6, fces, 40583329755698.08, 7.87, 0.00, 5640
6, fces, 40806713524904.19, 8.47, 0.00, 6061
6, fces, 40791023492765.91, 9.07, 0.00, 6487
6, fces, 40860711552459.24, 9.67, 0.00, 6920
6, fces, 40781780331273.11, 10.27, 0.00, 7354
6, fces, 40813261935652.29, 10.87, 0.00, 7779
6, fces, 40949869672725.34, 11.47, 0.00, 8213
6, fces, 40974821635072.77, 12.07, 0.00, 8645
6, fces, 40925914121535.99, 12.67, 0.00, 9077
6, fces, 41085756297235.98, 13.27, 0.00, 9511
6, fces, 41039296098410.89, 13.87, 0.00, 9942
6, fces, 41169594947711.00, 14.47, 0.00, 10383
6, fces, 41222545449901.29, 15.07, 0.00, 10817
6, fces, 41150064935105.81, 15.67, 0.00, 11255
6, fces, 41111821278006.54, 16.27, 0.00, 11700
6, fces, 41038692355514.69, 16.87, 0.00, 12140
6, fces, 40896168360253.82, 17.47, 0.00, 12586
6, fces, 40884923365492.49, 18.07, 0.00, 13021
6, fces, 40871287710265.69, 18.67, 0.00, 13463
6, fces, 40902375027487.42, 19.27, 0.00, 13895
6, fces, 40875383064540.25, 19.87, 0.00, 14337
6, fces, 40871549796865.70, 20.47, 0.00, 14773
6, fces, 40964751259937.36, 21.07, 0.00, 15208
6, fces, 41027286928543.05, 21.67, 0.00, 15653
6, fces, 41006152340629.79, 22.27, 0.00, 16091
6, fces, 41022776405779.88, 22.87, 0.00, 16539
6, fces, 40937894870564.84, 23.47, 0.00, 16979
6, fces, 40912367736507.44, 24.07, 0.00, 17420
6, fces, 40930569775001.72, 24.67, 0.00, 17852
6, fces, 40904767845670.85, 25.27, 0.00, 18288
6, fces, 40899837199915.77, 25.87, 0.00, 18738
6, fces, 40958057593947.93, 26.47, 0.00, 19185
6, fces, 40861725142984.74, 27.07, 0.00, 19633
6, fces, 40805818697674.87, 27.67, 0.00, 20066
6, fces, 40803064933394.72, 28.27, 0.00, 20503
6, fces, 40737843154868.89, 28.87, 0.00, 20949
6, fces, 40717257763803.70, 29.47, 0.00, 21405
6, fces, 40668245148583.43, 30.07, 0.00, 21872
6, fces, 40763197813019.69, 30.67, 0.00, 22335
6, fces, 40777005823150.60, 31.27, 0.00, 22831
6, fces, 40701982505288.39, 31.87, 0.00, 23313
6, fces, 40700655877526.86, 32.48, 0.00, 23828
6, fces, 40645673210551.54, 33.09, 0.00, 24311
6, fces, 40680880592838.35, 33.70, 0.00, 24765
6, fces, 40646391855529.76, 34.31, 0.00, 25206
6, fces, 40671487907683.90, 34.92, 0.00, 25652
6, fces, 40671639937595.28, 35.53, 0.00, 26118
6, fces, 40609435167503.54, 36.14, 0.00, 26584
6, fces, 40651308877831.23, 36.75, 0.00, 27030
6, fces, 40667901165873.64, 37.36, 0.00, 27480
6, fces, 40623684735410.76, 37.97, 0.00, 27959
6, fces, 40653063006171.56, 38.58, 0.00, 28440
6, fces, 40610702863083.43, 39.19, 0.00, 28932
6, fces, 40586104966035.75, 39.80, 0.00, 29445
6, fces, 40492589113249.42, 40.41, 0.00, 29940
6, fces, 40459277209836.70, 41.02, 0.00, 30455
6, fces, 40434891637217.30, 41.63, 0.00, 30976
6, fces, 40374750728824.50, 42.24, 0.00, 31499
6, fces, 40379545639626.68, 42.85, 0.00, 32041
6, fces, 40392748885765.44, 43.46, 0.00, 32576
6, fces, 40430218180674.08, 44.07, 0.00, 33108
6, fces, 40434200277247.31, 44.68, 0.00, 33657
6, fces, 40445322411853.72, 45.29, 0.00, 34167
6, fces, 40437077422603.85, 45.90, 0.00, 34667
6, fces, 40469150125242.76, 46.51, 0.00, 35157
6, fces, 40533973907569.12, 47.12, 0.00, 35627
6, fces, 40498987000214.55, 47.73, 0.00, 36091
6, fces, 40477828519604.60, 48.34, 0.00, 36562
6, fces, 40455086507563.39, 48.95, 0.00, 37026
6, fces, 40458996299909.54, 49.56, 0.00, 37482
6, fces, 40462957426385.39, 50.17, 0.00, 37927
6, fces, 40448169673739.82, 50.78, 0.00, 38373
6, fces, 40496599530092.39, 51.39, 0.00, 38813
6, fces, 40534510227641.96, 52.00, 0.00, 39253
6, fces, 40538151798152.30, 52.61, 0.00, 39689
6, fces, 40541906027586.74, 53.22, 0.00, 40137
6, fces, 40537771241109.88, 53.83, 0.00, 40567
6, fces, 40537105555091.51, 54.44, 0.00, 41006
6, fces, 40557285670291.39, 55.05, 0.00, 41446
6, fces, 40546240132371.53, 55.66, 0.00, 41877
6, fces, 40560085811698.29, 56.27, 0.00, 42319
6, fces, 40540619490758.97, 56.88, 0.00, 42747
6, fces, 40531535159146.80, 57.49, 0.00, 43185
6, fces, 40537934730355.65, 58.10, 0.00, 43636
6, fces, 40533055496876.05, 58.71, 0.00, 44069
6, fces, 40492243291638.05, 59.32, 0.00, 44502
6, fces, 40527453980702.48, 59.93, 0.00, 44940
7, fces, 36587114284267.89, 0.01, 0.00, 7
7, fces, 41674922055254.03, 0.62, 0.00, 443
7, fces, 41269948679903.40, 1.23, 0.00, 891
7, fces, 42315213096114.90, 1.84, 0.00, 1321
7, fces, 42344701530144.88, 2.45, 0.00, 1757
7, fces, 41769158039695.74, 3.06, 0.00, 2193
7, fces, 41163461607356.03, 3.67, 0.00, 2629
7, fces, 41215174097684.83, 4.27, 0.00, 3056
7, fces, 41965459080961.91, 4.87, 0.00, 3482
7, fces, 42038244588253.10, 5.47, 0.00, 3913
7, fces, 41606517048750.98, 6.07, 0.00, 4344
7, fces, 41469960423260.99, 6.67, 0.00, 4779
7, fces, 41373632072155.07, 7.27, 0.00, 5206
7, fces, 41179275616412.47, 7.87, 0.00, 5641
7, fces, 40987566580202.72, 8.47, 0.00, 6080
7, fces, 41004420820923.34, 9.07, 0.00, 6518
7, fces, 41068210636050.80, 9.67, 0.00, 6954
7, fces, 41031383896338.77, 10.27, 0.00, 7386
7, fces, 40981088896737.51, 10.87, 0.00, 7826
7, fces, 40825579001586.35, 11.47, 0.00, 8266
7, fces, 40867990371012.87, 12.07, 0.00, 8702
7, fces, 40994295472241.04, 12.67, 0.00, 9142
7, fces, 41038125568813.54, 13.27, 0.00, 9580
7, fces, 41014351767656.66, 13.87, 0.00, 10022
7, fces, 40963024810565.17, 14.47, 0.00, 10460
7, fces, 40849775885161.50, 15.07, 0.00, 10895
7, fces, 40771331222083.22, 15.67, 0.00, 11331
7, fces, 40768614080196.02, 16.27, 0.00, 11771
7, fces, 40553873972597.75, 16.87, 0.00, 12204
7, fces, 40665428457579.37, 17.47, 0.00, 12648
7, fces, 40609828709753.36, 18.07, 0.00, 13087
7, fces, 40541587918015.83, 18.67, 0.00, 13526
7, fces, 40600924930278.30, 19.27, 0.00, 13966
7, fces, 40569257324508.21, 19.87, 0.00, 14411
7, fces, 40582099985274.01, 20.47, 0.00, 14839
7, fces, 40581242773984.74, 21.07, 0.00, 15274
7, fces, 40570175713286.37, 21.67, 0.00, 15711
7, fces, 40523257476449.49, 22.27, 0.00, 16168
7, fces, 40506008638419.87, 22.87, 0.00, 16612
7, fces, 40544120985956.94, 23.47, 0.00, 17054
7, fces, 40494707762333.23, 24.07, 0.00, 17496
7, fces, 40416739371291.16, 24.67, 0.00, 17935
7, fces, 40396521814024.82, 25.27, 0.00, 18388
7, fces, 40357679896406.74, 25.87, 0.00, 18859
7, fces, 40291812134885.11, 26.49, 0.00, 19339
7, fces, 40348075679051.32, 27.09, 0.00, 19835
7, fces, 40325796466374.60, 27.69, 0.00, 20317
7, fces, 40367334261177.74, 28.29, 0.00, 20791
7, fces, 40339875134048.96, 28.89, 0.00, 21254
7, fces, 40333698391693.60, 29.49, 0.00, 21703
7, fces, 40293410966849.74, 30.09, 0.00, 22142
7, fces, 40345687756682.30, 30.69, 0.00, 22587
7, fces, 40386549453620.81, 31.29, 0.00, 23043
7, fces, 40360860595338.34, 31.89, 0.00, 23486
7, fces, 40335336642738.99, 32.50, 0.00, 23935
7, fces, 40270751534556.43, 33.11, 0.00, 24400
7, fces, 40277162818599.86, 33.72, 0.00, 24864
7, fces, 40244261267514.32, 34.33, 0.00, 25370
7, fces, 40273232375029.77, 34.94, 0.00, 25860
7, fces, 40286730835729.69, 35.55, 0.00, 26362
7, fces, 40283716116621.87, 36.16, 0.00, 26867
7, fces, 40372038732637.17, 36.77, 0.00, 27378
7, fces, 40330072543335.30, 37.38, 0.00, 27901
7, fces, 40363107985666.17, 37.99, 0.00, 28420
7, fces, 40346944409812.59, 38.60, 0.00, 28955
7, fces, 40307724042799.45, 39.21, 0.00, 29489
7, fces, 40325091821196.62, 39.82, 0.00, 30026
7, fces, 40308872421943.64, 40.43, 0.00, 30565
7, fces, 40326936288923.69, 41.04, 0.00, 31076
7, fces, 40356159240979.23, 41.65, 0.00, 31563
7, fces, 40382571934303.40, 42.26, 0.00, 32057
7, fces, 40365537021717.00, 42.87, 0.00, 32538
7, fces, 40375728323440.33, 43.48, 0.00, 32997
7, fces, 40410975137695.35, 44.09, 0.00, 33452
7, fces, 40449862984982.44, 44.70, 0.00, 33909
7, fces, 40446381363245.17, 45.31, 0.00, 34355
7, fces, 40412280800937.16, 45.92, 0.00, 34804
7, fces, 40418979492368.48, 46.53, 0.00, 35244
7, fces, 40363630197998.53, 47.14, 0.00, 35688
7, fces, 40427709286659.92, 47.75, 0.00, 36144
7, fces, 40424061117164.11, 48.36, 0.00, 36575
7, fces, 40438800678758.52, 48.97, 0.00, 37017
7, fces, 40420890867782.32, 49.58, 0.00, 37450
7, fces, 40425967383841.99, 50.19, 0.00, 37879
7, fces, 40454766932869.20, 50.80, 0.00, 38318
7, fces, 40492377516300.02, 51.41, 0.00, 38753
7, fces, 40507516360237.17, 52.02, 0.00, 39189
7, fces, 40497809659303.91, 52.63, 0.00, 39635
7, fces, 40527120172544.11, 53.24, 0.00, 40063
7, fces, 40514702384852.90, 53.85, 0.00, 40503
7, fces, 40506039801080.05, 54.46, 0.00, 40939
7, fces, 40524200649074.16, 55.07, 0.00, 41378
7, fces, 40541602444362.08, 55.68, 0.00, 41809
7, fces, 40560738789493.01, 56.29, 0.00, 42248
7, fces, 40519484808274.62, 56.90, 0.00, 42685
7, fces, 40530537558181.39, 57.51, 0.00, 43123
7, fces, 40500271002326.76, 58.12, 0.00, 43561
7, fces, 40495415546739.14, 58.73, 0.00, 43995
7, fces, 40487518726284.18, 59.34, 0.00, 44433
7, fces, 40494831908030.31, 59.95, 0.00, 44872
8, fces, 51928490833135.30, 0.01, 0.00, 5
8, fces, 42216176291263.76, 0.62, 0.00, 438
8, fces, 41771432958234.97, 1.23, 0.00, 879
8, fces, 40010168908809.18, 1.84, 0.00, 1322
8, fces, 40312060094819.62, 2.45, 0.00, 1756
8, fces, 40683999631113.27, 3.06, 0.00, 2197
8, fces, 40633088075427.94, 3.67, 0.00, 2638
8, fces, 40192982802907.32, 4.27, 0.00, 3071
8, fces, 39913943517680.75, 4.87, 0.00, 3508
8, fces, 39599540064860.30, 5.47, 0.00, 3939
8, fces, 40043920210037.63, 6.07, 0.00, 4379
8, fces, 39998238040626.97, 6.67, 0.00, 4818
8, fces, 40138349882507.48, 7.27, 0.00, 5259
8, fces, 40061358427207.43, 7.87, 0.00, 5698
8, fces, 40182532311316.73, 8.47, 0.00, 6138
8, fces, 40109001444792.81, 9.07, 0.00, 6573
8, fces, 40131281399144.57, 9.67, 0.00, 7014
8, fces, 40384559897736.58, 10.27, 0.00, 7449
8, fces, 40436251326681.67, 10.87, 0.00, 7890
8, fces, 40467383074788.57, 11.47, 0.00, 8325
8, fces, 40386653558345.64, 12.07, 0.00, 8761
8, fces, 40369106116729.93, 12.67, 0.00, 9197
8, fces, 40382796529513.97, 13.27, 0.00, 9635
8, fces, 40455805800596.10, 13.87, 0.00, 10072
8, fces, 40439791132372.68, 14.47, 0.00, 10512
8, fces, 40474393022181.07, 15.07, 0.00, 10955
8, fces, 40556372925941.33, 15.67, 0.00, 11390
8, fces, 40603769504620.29, 16.27, 0.00, 11830
8, fces, 40759446058826.11, 16.87, 0.00, 12273
8, fces, 40621175411691.03, 17.47, 0.00, 12720
8, fces, 40552297184262.31, 18.07, 0.00, 13172
8, fces, 40553276540496.21, 18.67, 0.00, 13614
8, fces, 40561266364882.19, 19.27, 0.00, 14047
8, fces, 40612479490023.60, 19.87, 0.00, 14489
8, fces, 40588715326286.99, 20.47, 0.00, 14941
8, fces, 40722977978258.01, 21.07, 0.00, 15392
8, fces, 40873726326792.08, 21.67, 0.00, 15857
8, fces, 40905277936663.01, 22.27, 0.00, 16325
8, fces, 40837867148907.88, 22.87, 0.00, 16807
8, fces, 40875359313264.02, 23.47, 0.00, 17309
8, fces, 40947439961050.88, 24.07, 0.00, 17792
8, fces, 40868285182223.37, 24.67, 0.00, 18258
8, fces, 40869855450388.32, 25.27, 0.00, 18701
8, fces, 40938056427886.72, 25.87, 0.00, 19139
8, fces, 40915494494946.09, 26.47, 0.00, 19582
8, fces, 40932082177578.29, 27.07, 0.00, 20039
8, fces, 40858727118837.97, 27.67, 0.00, 20494
8, fces, 40860642516250.98, 28.27, 0.00, 20924
8, fces, 40847901072453.00, 28.87, 0.00, 21387
8, fces, 40900349534443.47, 29.47, 0.00, 21851
8, fces, 40794816380853.69, 30.07, 0.00, 22323
8, fces, 40687998616636.68, 30.67, 0.00, 22808
8, fces, 40701169497495.26, 31.27, 0.00, 23299
8, fces, 40718414297319.49, 31.87, 0.00, 23782
8, fces, 40786916771688.44, 32.48, 0.00, 24292
8, fces, 40794958920773.84, 33.09, 0.00, 24810
8, fces, 40749996386354.06, 33.70, 0.00, 25334
8, fces, 40732036667086.37, 34.31, 0.00, 25865
8, fces, 40749817431803.62, 34.92, 0.00, 26395
8, fces, 40805157393778.17, 35.53, 0.00, 26928
8, fces, 40717017274166.90, 36.14, 0.00, 27466
8, fces, 40667334457846.74, 36.75, 0.00, 28002
8, fces, 40592910671164.44, 37.36, 0.00, 28515
8, fces, 40586774184727.09, 37.97, 0.00, 29011
8, fces, 40570450899606.41, 38.58, 0.00, 29491
8, fces, 40563454144181.53, 39.19, 0.00, 29956
8, fces, 40569388554250.41, 39.80, 0.00, 30423
8, fces, 40568641819307.93, 40.41, 0.00, 30874
8, fces, 40589930013621.46, 41.02, 0.00, 31325
8, fces, 40626123238078.01, 41.63, 0.00, 31774
8, fces, 40665181544914.69, 42.24, 0.00, 32215
8, fces, 40627249555329.50, 42.85, 0.00, 32659
8, fces, 40634196741121.95, 43.46, 0.00, 33102
8, fces, 40647217342437.13, 44.07, 0.00, 33555
8, fces, 40587920327933.42, 44.68, 0.00, 34001
8, fces, 40628811752570.11, 45.29, 0.00, 34445
8, fces, 40705052499158.03, 45.90, 0.00, 34879
8, fces, 40734538718262.50, 46.51, 0.00, 35317
8, fces, 40717115099179.09, 47.12, 0.00, 35757
8, fces, 40765774207532.81, 47.73, 0.00, 36192
8, fces, 40763030465863.92, 48.34, 0.00, 36624
8, fces, 40786334748708.00, 48.95, 0.00, 37066
8, fces, 40768977253274.29, 49.56, 0.00, 37506
8, fces, 40812325344482.84, 50.17, 0.00, 37944
8, fces, 40791507770788.44, 50.78, 0.00, 38380
8, fces, 40787201065012.50, 51.39, 0.00, 38816
8, fces, 40783441215201.62, 52.00, 0.00, 39249
8, fces, 40756389518747.41, 52.61, 0.00, 39688
8, fces, 40715295806189.07, 53.22, 0.00, 40123
8, fces, 40714634047503.29, 53.83, 0.00, 40564
8, fces, 40704311647912.04, 54.44, 0.00, 41000
8, fces, 40697478095662.65, 55.05, 0.00, 41426
8, fces, 40731816109004.04, 55.66, 0.00, 41863
8, fces, 40745604296954.66, 56.27, 0.00, 42294
8, fces, 40757226397733.19, 56.88, 0.00, 42731
8, fces, 40758305484139.35, 57.49, 0.00, 43169
8, fces, 40738977798595.61, 58.10, 0.00, 43609
8, fces, 40738793251331.79, 58.71, 0.00, 44047
8, fces, 40773649781880.62, 59.32, 0.00, 44480
8, fces, 40792983645124.74, 59.93, 0.00, 44928
9, fces, 43954373022717.77, 0.01, 0.00, 9
9, fces, 42687737427360.65, 0.62, 0.00, 448
9, fces, 41685205994469.45, 1.23, 0.00, 889
9, fces, 41436620302367.14, 1.84, 0.00, 1332
9, fces, 41154457361659.85, 2.45, 0.00, 1778
9, fces, 41419664029783.42, 3.06, 0.00, 2221
9, fces, 40964445926430.34, 3.67, 0.00, 2677
9, fces, 40970494166237.89, 4.27, 0.00, 3110
9, fces, 41013578207995.62, 4.87, 0.00, 3553
9, fces, 41074403338657.18, 5.47, 0.00, 3995
9, fces, 41273436912035.54, 6.07, 0.00, 4434
9, fces, 41303034752904.78, 6.67, 0.00, 4869
9, fces, 41285172993510.41, 7.27, 0.00, 5312
9, fces, 41490687936514.45, 7.87, 0.00, 5754
9, fces, 41336488581318.06, 8.47, 0.00, 6194
9, fces, 41239286923634.65, 9.07, 0.00, 6626
9, fces, 41325530691190.36, 9.67, 0.00, 7069
9, fces, 41530392331741.24, 10.27, 0.00, 7508
9, fces, 41612732182780.05, 10.87, 0.00, 7943
9, fces, 41520884301753.60, 11.47, 0.00, 8389
9, fces, 41719784055942.38, 12.07, 0.00, 8813
9, fces, 41575902237492.68, 12.67, 0.00, 9258
9, fces, 41640910075595.79, 13.27, 0.00, 9694
9, fces, 41763108225625.67, 13.87, 0.00, 10137
9, fces, 41625626814637.44, 14.47, 0.00, 10593
9, fces, 41574461531148.00, 15.07, 0.00, 11039
9, fces, 41722514188203.46, 15.67, 0.00, 11473
9, fces, 41803076272787.49, 16.27, 0.00, 11908
9, fces, 41649404182832.88, 16.87, 0.00, 12359
9, fces, 41599251467979.82, 17.47, 0.00, 12822
9, fces, 41555364126377.29, 18.07, 0.00, 13305
9, fces, 41472169779442.66, 18.67, 0.00, 13782
9, fces, 41441319088450.61, 19.27, 0.00, 14263
9, fces, 41480017101578.47, 19.87, 0.00, 14750
9, fces, 41420693478437.43, 20.47, 0.00, 15221
9, fces, 41402149971280.07, 21.07, 0.00, 15668
9, fces, 41234200357072.52, 21.67, 0.00, 16110
9, fces, 41240485195075.08, 22.27, 0.00, 16538
9, fces, 41172329136441.89, 22.87, 0.00, 16996
9, fces, 41127858974879.78, 23.47, 0.00, 17444
9, fces, 41074487109424.66, 24.07, 0.00, 17881
9, fces, 40955413305459.23, 24.67, 0.00, 18327
9, fces, 40947375531216.43, 25.27, 0.00, 18789
9, fces, 40993097212308.90, 25.87, 0.00, 19264
9, fces, 40961928730488.52, 26.47, 0.00, 19744
9, fces, 40945186497340.92, 27.07, 0.00, 20235
9, fces, 40965975619707.80, 27.67, 0.00, 20721
9, fces, 41007076242156.70, 28.27, 0.00, 21224
9, fces, 40959982060370.03, 28.87, 0.00, 21730
9, fces, 41033075974664.48, 29.47, 0.00, 22247
9, fces, 41005553052004.60, 30.07, 0.00, 22762
9, fces, 41119140342425.57, 30.67, 0.00, 23280
9, fces, 41049479120261.57, 31.27, 0.00, 23803
9, fces, 41015155995473.66, 31.87, 0.00, 24342
9, fces, 41031505423410.11, 32.48, 0.00, 24873
9, fces, 41050217583878.79, 33.09, 0.00, 25386
9, fces, 41038585832109.45, 33.70, 0.00, 25883
9, fces, 41004254783349.55, 34.31, 0.00, 26370
9, fces, 41031255137046.32, 34.92, 0.00, 26837
9, fces, 41009254343769.31, 35.53, 0.00, 27298
9, fces, 41005690535384.60, 36.14, 0.00, 27758
9, fces, 40990004726214.30, 36.75, 0.00, 28214
9, fces, 40982079549731.15, 37.36, 0.00, 28672
9, fces, 40991140921838.72, 37.97, 0.00, 29110
9, fces, 40933032337701.87, 38.58, 0.00, 29568
9, fces, 40952485835036.23, 39.19, 0.00, 30012
9, fces, 40987127105336.14, 39.80, 0.00, 30456
9, fces, 40994400050986.36, 40.41, 0.00, 30895
9, fces, 40927519289724.51, 41.02, 0.00, 31330
9, fces, 40926837883478.27, 41.63, 0.00, 31774
9, fces, 40870627398431.87, 42.24, 0.00, 32215
9, fces, 40849680225581.83, 42.85, 0.00, 32658
9, fces, 40877071073583.96, 43.46, 0.00, 33091
9, fces, 40921581364405.52, 44.07, 0.00, 33526
9, fces, 40873856547044.98, 44.68, 0.00, 33973
9, fces, 40848078294156.19, 45.29, 0.00, 34409
9, fces, 40836201003004.18, 45.90, 0.00, 34850
9, fces, 40805572633505.65, 46.51, 0.00, 35287
9, fces, 40843599188903.46, 47.12, 0.00, 35735
9, fces, 40876091954823.78, 47.73, 0.00, 36171
9, fces, 40905802411861.51, 48.34, 0.00, 36617
9, fces, 40929795294383.73, 48.95, 0.00, 37055
9, fces, 40916482469122.85, 49.56, 0.00, 37491
9, fces, 40902438559082.08, 50.17, 0.00, 37922
9, fces, 40956408009377.83, 50.78, 0.00, 38361
9, fces, 41001921814950.65, 51.39, 0.00, 38796
9, fces, 41007251221094.66, 52.00, 0.00, 39233
9, fces, 41017648745374.77, 52.61, 0.00, 39667
9, fces, 41005042409622.80, 53.22, 0.00, 40102
9, fces, 41050082118503.88, 53.83, 0.00, 40556
9, fces, 41047614020502.68, 54.44, 0.00, 41009
9, fces, 41045295424306.48, 55.05, 0.00, 41449
9, fces, 41003526943320.20, 55.66, 0.00, 41895
9, fces, 41033452739205.68, 56.27, 0.00, 42333
9, fces, 41058076925627.44, 56.88, 0.00, 42781
9, fces, 41083000483043.56, 57.49, 0.00, 43222
9, fces, 41083216899924.85, 58.10, 0.00, 43675
9, fces, 41076915252479.97, 58.71, 0.00, 44127
9, fces, 41085567906133.28, 59.32, 0.00, 44580
9, fces, 41076973063507.77, 59.93, 0.00, 45024
10, fces, 43893497301248.44, 0.01, 0.00, 1
10, fces, 40349451215438.00, 0.62, 0.00, 457
10, fces, 38670895130506.12, 1.23, 0.00, 900
10, fces, 39265957387241.71, 1.84, 0.00, 1350
10, fces, 39524775878208.53, 2.45, 0.00, 1800
10, fces, 40036014956364.39, 3.06, 0.00, 2245
10, fces, 40881320434520.10, 3.67, 0.00, 2695
10, fces, 40897762475235.29, 4.27, 0.00, 3136
10, fces, 40587777202820.01, 4.87, 0.00, 3582
10, fces, 40211763030799.95, 5.47, 0.00, 4020
10, fces, 39950232038250.44, 6.07, 0.00, 4462
10, fces, 40366052883217.60, 6.67, 0.00, 4904
10, fces, 40381324925873.79, 7.27, 0.00, 5336
10, fces, 40462399305287.00, 7.87, 0.00, 5779
10, fces, 40295438826697.64, 8.47, 0.00, 6219
10, fces, 40446246363164.28, 9.07, 0.00, 6658
10, fces, 40461325687577.58, 9.67, 0.00, 7103
10, fces, 40701862813875.63, 10.27, 0.00, 7547
10, fces, 40588769051410.89, 10.87, 0.00, 7989
10, fces, 40606823252593.69, 11.47, 0.00, 8423
10, fces, 40653884216022.90, 12.07, 0.00, 8877
10, fces, 40623630876018.66, 12.67, 0.00, 9319
10, fces, 40718781065362.95, 13.27, 0.00, 9790
10, fces, 40592381679282.56, 13.87, 0.00, 10265
10, fces, 40521294612784.53, 14.47, 0.00, 10756
10, fces, 40567608367982.17, 15.07, 0.00, 11230
10, fces, 40517392775569.51, 15.67, 0.00, 11715
10, fces, 40655234827035.82, 16.27, 0.00, 12176
10, fces, 40666596637545.65, 16.87, 0.00, 12619
10, fces, 40534637641926.09, 17.47, 0.00, 13066
10, fces, 40529113549291.07, 18.07, 0.00, 13502
10, fces, 40513510081763.09, 18.67, 0.00, 13970
10, fces, 40519386213501.39, 19.27, 0.00, 14425
10, fces, 40541803894289.28, 19.87, 0.00, 14861
10, fces, 40619598419536.35, 20.47, 0.00, 15310
10, fces, 40602133646818.26, 21.07, 0.00, 15770
10, fces, 40520017843142.21, 21.67, 0.00, 16244
10, fces, 40538078885427.78, 22.27, 0.00, 16733
10, fces, 40507666998762.89, 22.87, 0.00, 17222
10, fces, 40511497547901.28, 23.47, 0.00, 17715
10, fces, 40485037435655.55, 24.07, 0.00, 18217
10, fces, 40512534295704.61, 24.67, 0.00, 18736
10, fces, 40531162977102.63, 25.27, 0.00, 19248
10, fces, 40574850069576.66, 25.87, 0.00, 19769
10, fces, 40509301929335.79, 26.47, 0.00, 20300
10, fces, 40484168763476.91, 27.07, 0.00, 20824
10, fces, 40498166201484.85, 27.67, 0.00, 21355
10, fces, 40580357159552.12, 28.27, 0.00, 21862
10, fces, 40583064797857.77, 28.87, 0.00, 22365
10, fces, 40642475288177.72, 29.47, 0.00, 22846
10, fces, 40668237822305.84, 30.07, 0.00, 23313
10, fces, 40651377350240.44, 30.67, 0.00, 23776
10, fces, 40654101153199.94, 31.27, 0.00, 24227
10, fces, 40721192802731.59, 31.87, 0.00, 24679
10, fces, 40697873694706.77, 32.48, 0.00, 25130
10, fces, 40740694635016.60, 33.09, 0.00, 25575
10, fces, 40692477930517.53, 33.70, 0.00, 26019
10, fces, 40698840078234.81, 34.31, 0.00, 26465
10, fces, 40719570810271.92, 34.92, 0.00, 26901
10, fces, 40687768240399.28, 35.53, 0.00, 27345
10, fces, 40665312804830.04, 36.14, 0.00, 27782
10, fces, 40623095056019.90, 36.75, 0.00, 28217
10, fces, 40682384183608.59, 37.36, 0.00, 28660
10, fces, 40655198595193.86, 37.97, 0.00, 29094
10, fces, 40667878670701.78, 38.58, 0.00, 29534
10, fces, 40676626937982.99, 39.19, 0.00, 29972
10, fces, 40725153868965.72, 39.80, 0.00, 30412
10, fces, 40742403361785.86, 40.41, 0.00, 30844
10, fces, 40743788294822.05, 41.02, 0.00, 31293
10, fces, 40783033609518.62, 41.63, 0.00, 31725
10, fces, 40769926567841.76, 42.24, 0.00, 32160
10, fces, 40740051434385.65, 42.85, 0.00, 32600
10, fces, 40698539737147.06, 43.46, 0.00, 33046
10, fces, 40670826874487.40, 44.07, 0.00, 33486
10, fces, 40641483924554.22, 44.68, 0.00, 33919
10, fces, 40636400812443.95, 45.29, 0.00, 34357
10, fces, 40645512582986.63, 45.90, 0.00, 34796
10, fces, 40651489154880.03, 46.51, 0.00, 35229
10, fces, 40628570414732.19, 47.12, 0.00, 35669
10, fces, 40631864918935.24, 47.73, 0.00, 36099
10, fces, 40611050508277.90, 48.34, 0.00, 36534
10, fces, 40620986945182.64, 48.95, 0.00, 36974
10, fces, 40593923991887.38, 49.56, 0.00, 37420
10, fces, 40650521438058.89, 50.17, 0.00, 37854
10, fces, 40651517695101.42, 50.78, 0.00, 38285
10, fces, 40661237658249.79, 51.39, 0.00, 38729
10, fces, 40689318607361.33, 52.00, 0.00, 39168
10, fces, 40658102753020.07, 52.61, 0.00, 39619
10, fces, 40679272159220.74, 53.22, 0.00, 40066
10, fces, 40685235865393.06, 53.83, 0.00, 40506
10, fces, 40705013220319.38, 54.44, 0.00, 40947
10, fces, 40720353660558.70, 55.05, 0.00, 41399
10, fces, 40706573771740.26, 55.66, 0.00, 41840
10, fces, 40656006367354.18, 56.27, 0.00, 42284
10, fces, 40664037538652.04, 56.88, 0.00, 42736
10, fces, 40689682261088.10, 57.49, 0.00, 43179
10, fces, 40673265249387.88, 58.10, 0.00, 43626
10, fces, 40641605069682.38, 58.71, 0.00, 44075
10, fces, 40568551609015.75, 59.32, 0.00, 44522
10, fces, 40574779965056.30, 59.93, 0.00, 44964
11, fces, 47282835954724.76, 0.01, 0.00, 9
11, fces, 40449031802696.82, 0.62, 0.00, 453
11, fces, 41524586285767.18, 1.23, 0.00, 906
11, fces, 42034479171317.05, 1.85, 0.00, 1354
11, fces, 41245078727356.33, 2.46, 0.00, 1804
11, fces, 41064185921311.62, 3.07, 0.00, 2251
11, fces, 41356673325452.38, 3.68, 0.00, 2691
11, fces, 40990700008734.65, 4.28, 0.00, 3131
11, fces, 40740751920601.25, 4.88, 0.00, 3584
11, fces, 40446766165943.11, 5.48, 0.00, 4030
11, fces, 40700670492922.90, 6.08, 0.00, 4482
11, fces, 40605491078711.03, 6.68, 0.00, 4925
11, fces, 40503796072366.80, 7.28, 0.00, 5364
11, fces, 40510994338201.03, 7.88, 0.00, 5820
11, fces, 40513476770246.39, 8.48, 0.00, 6279
11, fces, 40364792318195.02, 9.08, 0.00, 6748
11, fces, 40466976318227.27, 9.68, 0.00, 7224
11, fces, 40638441547177.05, 10.29, 0.00, 7716
11, fces, 40621312874355.20, 10.89, 0.00, 8200
11, fces, 40694273994722.21, 11.49, 0.00, 8684
11, fces, 40770060404865.41, 12.09, 0.00, 9135
11, fces, 40599918443924.82, 12.69, 0.00, 9585
11, fces, 40646034776714.30, 13.29, 0.00, 10018
11, fces, 40743739650049.00, 13.89, 0.00, 10463
11, fces, 40621811741758.06, 14.49, 0.00, 10932
11, fces, 40702476741379.47, 15.09, 0.00, 11364
11, fces, 40729361713776.25, 15.69, 0.00, 11809
11, fces, 40760653369421.85, 16.29, 0.00, 12263
11, fces, 40878429294100.39, 16.89, 0.00, 12725
11, fces, 40887590860875.00, 17.49, 0.00, 13204
11, fces, 40844118815853.95, 18.09, 0.00, 13696
11, fces, 40758019375624.69, 18.69, 0.00, 14195
11, fces, 40783956569329.83, 19.29, 0.00, 14687
11, fces, 40802151189897.08, 19.89, 0.00, 15208
11, fces, 40790646757645.95, 20.49, 0.00, 15720
11, fces, 40710931136395.25, 21.09, 0.00, 16235
11, fces, 40630736381181.03, 21.69, 0.00, 16756
11, fces, 40610769997910.70, 22.29, 0.00, 17285
11, fces, 40557617959748.54, 22.89, 0.00, 17824
11, fces, 40628736128619.35, 23.49, 0.00, 18348
11, fces, 40595914808420.47, 24.09, 0.00, 18854
11, fces, 40499274877115.62, 24.69, 0.00, 19346
11, fces, 40581768720816.97, 25.29, 0.00, 19818
11, fces, 40654913363023.87, 25.89, 0.00, 20285
11, fces, 40660087885583.50, 26.49, 0.00, 20738
11, fces, 40665775934761.25, 27.09, 0.00, 21185
11, fces, 40724609120198.48, 27.69, 0.00, 21644
11, fces, 40766022711332.33, 28.30, 0.00, 22085
11, fces, 40754081118342.08, 28.90, 0.00, 22526
11, fces, 40776573540685.75, 29.50, 0.00, 22965
11, fces, 40734140641575.28, 30.10, 0.00, 23395
11, fces, 40833402397491.87, 30.70, 0.00, 23829
11, fces, 40783069623220.87, 31.30, 0.00, 24264
11, fces, 40734245958128.45, 31.90, 0.00, 24695
11, fces, 40745197861471.03, 32.51, 0.00, 25129
11, fces, 40795706165461.70, 33.12, 0.00, 25558
11, fces, 40806681991146.70, 33.73, 0.00, 25998
11, fces, 40783789137182.34, 34.34, 0.00, 26436
11, fces, 40737428066289.47, 34.95, 0.00, 26866
11, fces, 40723072837190.84, 35.56, 0.00, 27314
11, fces, 40738890008347.13, 36.17, 0.00, 27753
11, fces, 40740502796759.77, 36.78, 0.00, 28190
11, fces, 40767091391846.34, 37.39, 0.00, 28628
11, fces, 40719551385340.35, 38.00, 0.00, 29072
11, fces, 40706828840677.43, 38.61, 0.00, 29507
11, fces, 40737598602505.98, 39.22, 0.00, 29948
11, fces, 40707046621385.47, 39.83, 0.00, 30389
11, fces, 40691245880608.55, 40.44, 0.00, 30827
11, fces, 40677147887597.31, 41.05, 0.00, 31270
11, fces, 40738106314353.62, 41.66, 0.00, 31712
11, fces, 40734726043473.35, 42.27, 0.00, 32145
11, fces, 40720408318535.11, 42.88, 0.00, 32580
11, fces, 40729313404694.93, 43.49, 0.00, 33018
11, fces, 40746688683941.71, 44.10, 0.00, 33451
11, fces, 40726910728930.72, 44.71, 0.00, 33899
11, fces, 40713478101518.61, 45.32, 0.00, 34335
11, fces, 40736464365269.96, 45.93, 0.00, 34776
11, fces, 40736211243102.15, 46.54, 0.00, 35230
11, fces, 40763407705877.47, 47.15, 0.00, 35668
11, fces, 40773422101604.09, 47.76, 0.00, 36112
11, fces, 40749336579401.11, 48.37, 0.00, 36557
11, fces, 40753040979669.73, 48.98, 0.00, 37015
11, fces, 40741406457291.16, 49.59, 0.00, 37470
11, fces, 40724994248748.69, 50.20, 0.00, 37918
11, fces, 40733308468314.17, 50.81, 0.00, 38374
11, fces, 40712054087574.27, 51.42, 0.00, 38820
11, fces, 40718895733866.19, 52.03, 0.00, 39273
11, fces, 40743401723519.60, 52.64, 0.00, 39713
11, fces, 40723581113822.75, 53.25, 0.00, 40167
11, fces, 40744071444156.26, 53.86, 0.00, 40611
11, fces, 40746112858224.14, 54.47, 0.00, 41062
11, fces, 40712707405355.85, 55.08, 0.00, 41502
11, fces, 40700574298600.32, 55.69, 0.00, 41952
11, fces, 40729234136605.94, 56.30, 0.00, 42391
11, fces, 40687391051087.97, 56.91, 0.00, 42844
11, fces, 40675070414084.21, 57.52, 0.00, 43291
11, fces, 40648354952594.68, 58.13, 0.00, 43747
11, fces, 40679676322188.33, 58.74, 0.00, 44187
11, fces, 40679432560103.73, 59.35, 0.00, 44629
11, fces, 40633021556621.12, 59.96, 0.00, 45069
12, fces, 47936627303576.24, 0.01, 0.00, 3
12, fces, 43892502009698.82, 0.62, 0.00, 464
12, fces, 42297104796408.59, 1.23, 0.00, 920
12, fces, 41893134395910.69, 1.84, 0.00, 1369
12, fces, 41325597871517.80, 2.45, 0.00, 1828
12, fces, 41601950594484.85, 3.06, 0.00, 2277
12, fces, 41578569207433.44, 3.67, 0.00, 2727
12, fces, 41362745874884.61, 4.27, 0.00, 3195
12, fces, 41160822940903.48, 4.87, 0.00, 3670
12, fces, 41024946850799.40, 5.47, 0.00, 4143
12, fces, 40854583130292.75, 6.07, 0.00, 4625
12, fces, 40778029749804.75, 6.67, 0.00, 5112
12, fces, 40868716739150.54, 7.27, 0.00, 5578
12, fces, 40735461899555.91, 7.87, 0.00, 6031
12, fces, 40592654630160.66, 8.47, 0.00, 6467
12, fces, 40615032733885.13, 9.07, 0.00, 6905
12, fces, 40659184540499.53, 9.67, 0.00, 7360
12, fces, 40558709076990.49, 10.27, 0.00, 7813
12, fces, 40585949706556.19, 10.87, 0.00, 8255
12, fces, 40619515893701.41, 11.47, 0.00, 8707
12, fces, 40468065387173.99, 12.07, 0.00, 9182
12, fces, 40560382082918.43, 12.67, 0.00, 9654
12, fces, 40412160670530.48, 13.27, 0.00, 10133
12, fces, 40557160218094.72, 13.87, 0.00, 10621
12, fces, 40520165539301.66, 14.47, 0.00, 11107
12, fces, 40575008588565.79, 15.07, 0.00, 11611
12, fces, 40622565078928.53, 15.67, 0.00, 12112
12, fces, 40606410923183.22, 16.27, 0.00, 12624
12, fces, 40670616574895.90, 16.87, 0.00, 13147
12, fces, 40616859738637.37, 17.47, 0.00, 13664
12, fces, 40590604916251.51, 18.07, 0.00, 14180
12, fces, 40628213698713.64, 18.67, 0.00, 14713
12, fces, 40519598401664.55, 19.27, 0.00, 15253
12, fces, 40570827131058.61, 19.87, 0.00, 15758
12, fces, 40766526300465.95, 20.47, 0.00, 16245
12, fces, 40762558561612.18, 21.07, 0.00, 16722
12, fces, 40834817701884.25, 21.67, 0.00, 17188
12, fces, 40872354796265.06, 22.27, 0.00, 17644
12, fces, 40841145275931.78, 22.87, 0.00, 18102
12, fces, 40862052935496.94, 23.47, 0.00, 18550
12, fces, 40856058223887.62, 24.07, 0.00, 18989
12, fces, 40879917937311.71, 24.67, 0.00, 19434
12, fces, 40973553803866.75, 25.27, 0.00, 19864
12, fces, 41012399997250.53, 25.87, 0.00, 20308
12, fces, 41018555787565.80, 26.47, 0.00, 20743
12, fces, 41023348117507.53, 27.07, 0.00, 21180
12, fces, 40989504039312.18, 27.67, 0.00, 21616
12, fces, 41040694067673.40, 28.27, 0.00, 22049
12, fces, 41080924484894.32, 28.87, 0.00, 22477
12, fces, 41018920418248.53, 29.47, 0.00, 22908
12, fces, 41057305540228.12, 30.07, 0.00, 23338
12, fces, 41040591246581.05, 30.67, 0.00, 23770
12, fces, 41081230563120.08, 31.27, 0.00, 24195
12, fces, 41055911540940.97, 31.87, 0.00, 24630
12, fces, 41033548246546.58, 32.48, 0.00, 25069
12, fces, 40990369941041.02, 33.09, 0.00, 25505
12, fces, 40925567372979.45, 33.70, 0.00, 25949
12, fces, 40977858736498.47, 34.31, 0.00, 26385
12, fces, 40908004532802.63, 34.92, 0.00, 26821
12, fces, 40924635227151.84, 35.53, 0.00, 27260
12, fces, 40988824960147.72, 36.14, 0.00, 27701
12, fces, 41063328077558.87, 36.75, 0.00, 28137
12, fces, 41060355107714.52, 37.36, 0.00, 28576
12, fces, 41057039026711.67, 37.97, 0.00, 29013
12, fces, 41028313343799.90, 38.58, 0.00, 29446
12, fces, 40988503388474.29, 39.19, 0.00, 29880
12, fces, 41007878009520.17, 39.80, 0.00, 30310
12, fces, 41038648547678.74, 40.41, 0.00, 30754
12, fces, 41000708250728.65, 41.02, 0.00, 31197
12, fces, 41011902793438.16, 41.63, 0.00, 31632
12, fces, 41032007773245.56, 42.24, 0.00, 32071
12, fces, 41022840150872.99, 42.85, 0.00, 32516
12, fces, 40984871687816.94, 43.46, 0.00, 32965
12, fces, 40992253153660.97, 44.07, 0.00, 33415
12, fces, 40981673739364.79, 44.68, 0.00, 33860
12, fces, 40978606064405.48, 45.29, 0.00, 34301
12, fces, 40985263483048.08, 45.90, 0.00, 34747
12, fces, 40959605153531.29, 46.51, 0.00, 35193
12, fces, 40970294410981.27, 47.12, 0.00, 35643
12, fces, 40971620846677.43, 47.73, 0.00, 36098
12, fces, 40989815214565.51, 48.34, 0.00, 36547
12, fces, 40997264070483.99, 48.95, 0.00, 36995
12, fces, 41012353579678.18, 49.56, 0.00, 37444
12, fces, 41007903063656.59, 50.17, 0.00, 37894
12, fces, 41010781093119.71, 50.78, 0.00, 38349
12, fces, 41043425884207.96, 51.39, 0.00, 38794
12, fces, 41021451321131.42, 52.00, 0.00, 39242
12, fces, 40968601919921.18, 52.61, 0.00, 39699
12, fces, 40986890901327.18, 53.22, 0.00, 40141
12, fces, 40996212770699.60, 53.83, 0.00, 40588
12, fces, 40984229225764.42, 54.44, 0.00, 41037
12, fces, 40950253923472.92, 55.05, 0.00, 41485
12, fces, 40954081654752.28, 55.66, 0.00, 41928
12, fces, 40905713632978.09, 56.27, 0.00, 42376
12, fces, 40886387406992.96, 56.88, 0.00, 42841
12, fces, 40851336548742.16, 57.49, 0.00, 43294
12, fces, 40847591679185.87, 58.10, 0.00, 43741
12, fces, 40856437095914.63, 58.71, 0.00, 44184
12, fces, 40868280849528.07, 59.32, 0.00, 44644
12, fces, 40873782652501.09, 59.93, 0.00, 45111
13, fces, 20153055584574.02, 0.01, 0.00, 12
13, fces, 40716751323013.36, 0.62, 0.00, 488
13, fces, 42186221329088.88, 1.23, 0.00, 965
13, fces, 41819228593864.88, 1.84, 0.00, 1451
13, fces, 42112241528549.64, 2.45, 0.00, 1949
13, fces, 42512246867300.33, 3.06, 0.00, 2432
13, fces, 41828316405462.65, 3.67, 0.00, 2886
13, fces, 41947834244061.90, 4.27, 0.00, 3335
13, fces, 41959841698485.47, 4.87, 0.00, 3770
13, fces, 41942518118587.01, 5.47, 0.00, 4222
13, fces, 41677949066929.22, 6.07, 0.00, 4677
13, fces, 41258666742237.26, 6.67, 0.00, 5113
13, fces, 41199012951852.33, 7.27, 0.00, 5556
13, fces, 41553744822560.39, 7.87, 0.00, 6011
13, fces, 41226412971396.67, 8.47, 0.00, 6487
13, fces, 41202451452793.04, 9.07, 0.00, 6957
13, fces, 41157611095065.67, 9.67, 0.00, 7454
13, fces, 41089613487487.82, 10.27, 0.00, 7952
13, fces, 41208984891157.08, 10.87, 0.00, 8450
13, fces, 41214647877666.47, 11.47, 0.00, 8955
13, fces, 41186665643991.66, 12.07, 0.00, 9468
13, fces, 41445320150405.41, 12.67, 0.00, 9987
13, fces, 41722179575326.13, 13.27, 0.00, 10508
13, fces, 41590397108789.88, 13.87, 0.00, 11032
13, fces, 41561235977012.85, 14.47, 0.00, 11559
13, fces, 41367579466528.40, 15.07, 0.00, 12091
13, fces, 41418842171508.94, 15.67, 0.00, 12589
13, fces, 41269794149143.76, 16.27, 0.00, 13074
13, fces, 41306683283201.69, 16.87, 0.00, 13555
13, fces, 41274759918732.94, 17.47, 0.00, 14020
13, fces, 41344775122739.37, 18.07, 0.00, 14475
13, fces, 41342087162260.49, 18.67, 0.00, 14923
13, fces, 41190719133024.32, 19.27, 0.00, 15367
13, fces, 41268394110110.39, 19.87, 0.00, 15808
13, fces, 41202067312703.60, 20.47, 0.00, 16249
13, fces, 41185513500196.33, 21.07, 0.00, 16689
13, fces, 41222398033611.31, 21.67, 0.00, 17121
13, fces, 41194753990618.16, 22.27, 0.00, 17549
13, fces, 41204092338829.85, 22.87, 0.00, 17983
13, fces, 41342130027103.15, 23.47, 0.00, 18414
13, fces, 41266933457639.83, 24.07, 0.00, 18847
13, fces, 41217992649251.62, 24.67, 0.00, 19272
13, fces, 41208034215213.85, 25.27, 0.00, 19704
13, fces, 41142743985250.82, 25.87, 0.00, 20139
13, fces, 41129348572268.29, 26.47, 0.00, 20572
13, fces, 41110411000704.58, 27.07, 0.00, 21007
13, fces, 41131100585103.98, 27.67, 0.00, 21435
13, fces, 41098488254576.93, 28.27, 0.00, 21871
13, fces, 41106592658054.93, 28.87, 0.00, 22300
13, fces, 41141600659778.92, 29.47, 0.00, 22726
13, fces, 41141353649228.13, 30.07, 0.00, 23162
13, fces, 41115301474760.93, 30.67, 0.00, 23597
13, fces, 41126597943023.38, 31.27, 0.00, 24021
13, fces, 41115192862454.81, 31.87, 0.00, 24460
13, fces, 41073870136215.19, 32.48, 0.00, 24897
13, fces, 41045978035872.53, 33.09, 0.00, 25336
13, fces, 41072834736096.32, 33.70, 0.00, 25783
13, fces, 41068158327281.26, 34.31, 0.00, 26216
13, fces, 41093777650064.90, 34.92, 0.00, 26651
13, fces, 41077869182779.95, 35.53, 0.00, 27092
13, fces, 41051770673155.99, 36.14, 0.00, 27525
13, fces, 41118869274854.37, 36.75, 0.00, 27962
13, fces, 41132354309478.19, 37.36, 0.00, 28403
13, fces, 41127329671393.08, 37.97, 0.00, 28841
13, fces, 41100390092288.96, 38.58, 0.00, 29276
13, fces, 41088620040995.82, 39.19, 0.00, 29716
13, fces, 41056389405184.80, 39.80, 0.00, 30165
13, fces, 41051565803065.50, 40.41, 0.00, 30603
13, fces, 41024119656924.07, 41.02, 0.00, 31049
13, fces, 41058086914601.08, 41.63, 0.00, 31496
13, fces, 41082831932746.54, 42.24, 0.00, 31952
13, fces, 41103821789052.72, 42.85, 0.00, 32397
13, fces, 41115529692861.31, 43.46, 0.00, 32842
13, fces, 41114880275233.82, 44.07, 0.00, 33282
13, fces, 41119263486331.42, 44.68, 0.00, 33729
13, fces, 41084023720700.46, 45.29, 0.00, 34179
13, fces, 41111236979451.53, 45.90, 0.00, 34623
13, fces, 41140461809483.46, 46.51, 0.00, 35077
13, fces, 41131459798118.39, 47.12, 0.00, 35515
13, fces, 41178533498905.15, 47.73, 0.00, 35964
13, fces, 41183538074119.61, 48.34, 0.00, 36415
13, fces, 41157078316008.87, 48.95, 0.00, 36866
13, fces, 41168368953951.44, 49.56, 0.00, 37318
13, fces, 41165150803612.79, 50.17, 0.00, 37762
13, fces, 41173771947360.86, 50.78, 0.00, 38218
13, fces, 41230066601266.91, 51.39, 0.00, 38663
13, fces, 41230013024372.24, 52.00, 0.00, 39116
13, fces, 41225999715908.80, 52.61, 0.00, 39568
13, fces, 41203845178004.70, 53.22, 0.00, 40020
13, fces, 41188281022129.73, 53.83, 0.00, 40468
13, fces, 41184520051828.02, 54.44, 0.00, 40917
13, fces, 41221949185739.08, 55.05, 0.00, 41367
13, fces, 41213113401021.41, 55.66, 0.00, 41845
13, fces, 41185580110704.06, 56.27, 0.00, 42339
13, fces, 41180196639172.67, 56.88, 0.00, 42834
13, fces, 41154624412187.49, 57.49, 0.00, 43316
13, fces, 41177679098961.14, 58.10, 0.00, 43808
13, fces, 41109315425623.59, 58.71, 0.00, 44278
13, fces, 41119493356138.32, 59.32, 0.00, 44734
13, fces, 41098257041963.78, 59.93, 0.00, 45186
