exp_rep, bfly, algo, time, preprocess_time, iterations
1, pcs, 43903666339419.03, 0.01, 2625.73, 290
1, pcs, 40979412712449.45, 0.62, 2625.73, 49012
1, pcs, 41301147140240.08, 1.23, 2625.73, 111730
1, pcs, 41105688838775.62, 1.84, 2625.73, 178110
1, pcs, 40996593689031.35, 2.45, 2625.73, 253294
1, pcs, 40935804184345.57, 3.06, 2625.73, 329327
1, pcs, 40801693232828.49, 3.67, 2625.73, 407963
1, pcs, 40914013242999.99, 4.27, 2625.73, 490495
1, pcs, 40773063134563.89, 4.87, 2625.73, 583148
1, pcs, 40645640832978.36, 5.47, 2625.73, 676111
1, pcs, 40704474396586.24, 6.07, 2625.73, 767955
1, pcs, 40650788296568.80, 6.67, 2625.73, 859241
1, pcs, 40666056045975.89, 7.27, 2625.73, 964390
1, pcs, 40602775854017.86, 7.87, 2625.73, 1055664
1, pcs, 40650207436526.17, 8.47, 2625.73, 1165847
1, pcs, 40614965458236.78, 9.07, 2625.73, 1263656
1, pcs, 40637191886721.28, 9.67, 2625.73, 1369980
1, pcs, 40595691128068.79, 10.27, 2625.73, 1479740
1, pcs, 40637604229243.73, 10.87, 2625.73, 1583818
1, pcs, 40647693134765.65, 11.47, 2625.73, 1704958
1, pcs, 40679934678400.43, 12.07, 2625.73, 1807585
1, pcs, 40711965906920.54, 12.67, 2625.73, 1913646
1, pcs, 40710149182508.64, 13.27, 2625.73, 2016059
1, pcs, 40707476723597.65, 13.87, 2625.73, 2131662
1, pcs, 40698476747078.83, 14.47, 2625.73, 2239398
1, pcs, 40676558523009.14, 15.07, 2625.73, 2338889
1, pcs, 40686742194980.57, 15.67, 2625.73, 2447154
1, pcs, 40705089428967.08, 16.27, 2625.73, 2551050
1, pcs, 40672958330018.23, 16.87, 2625.73, 2664721
1, pcs, 40685762112750.92, 17.47, 2625.73, 2766154
1, pcs, 40708040080819.57, 18.07, 2625.73, 2877050
1, pcs, 40714695817959.84, 18.67, 2625.73, 2975456
1, pcs, 40719979893374.66, 19.27, 2625.73, 3077705
1, pcs, 40735952126636.94, 19.87, 2625.73, 3178595
1, pcs, 40737845193168.43, 20.47, 2625.73, 3284739
1, pcs, 40747045420832.33, 21.07, 2625.73, 3389728
1, pcs, 40754738134707.83, 21.67, 2625.73, 3488951
1, pcs, 40732858795134.70, 22.27, 2625.73, 3600783
1, pcs, 40744030026278.97, 22.87, 2625.73, 3710827
1, pcs, 40743945084979.54, 23.47, 2625.73, 3817091
1, pcs, 40747250382330.16, 24.07, 2625.73, 3917805
1, pcs, 40728983525921.05, 24.67, 2625.73, 4020338
1, pcs, 40738787404594.99, 25.27, 2625.73, 4129205
1, pcs, 40735425088456.43, 25.87, 2625.73, 4232269
1, pcs, 40736022143766.43, 26.47, 2625.73, 4339109
1, pcs, 40742886203948.38, 27.07, 2625.73, 4445262
1, pcs, 40735221967345.38, 27.67, 2625.73, 4549916
1, pcs, 40738122809933.09, 28.27, 2625.73, 4656762
1, pcs, 40740163307296.79, 28.87, 2625.73, 4760451
1, pcs, 40728383943083.44, 29.47, 2625.73, 4866884
1, pcs, 40729869473504.49, 30.07, 2625.73, 4977327
1, pcs, 40737935828032.62, 30.67, 2625.73, 5082965
1, pcs, 40737987120697.27, 31.27, 2625.73, 5183595
1, pcs, 40733238215794.74, 31.87, 2625.73, 5298122
1, pcs, 40728673675866.83, 32.48, 2625.73, 5403273
1, pcs, 40735241413122.92, 33.09, 2625.73, 5510058
1, pcs, 40734310288792.92, 33.70, 2625.73, 5603240
1, pcs, 40728473948424.45, 34.31, 2625.73, 5694250
1, pcs, 40739597731879.91, 34.92, 2625.73, 5787126
1, pcs, 40746457332916.14, 35.53, 2625.73, 5869015
1, pcs, 40743910424930.95, 36.14, 2625.73, 5952055
1, pcs, 40746353502993.89, 36.75, 2625.73, 6033673
1, pcs, 40739022753557.01, 37.36, 2625.73, 6133576
1, pcs, 40736085213075.76, 37.97, 2625.73, 6225908
1, pcs, 40744226246824.26, 38.58, 2625.73, 6319836
1, pcs, 40742166272375.78, 39.19, 2625.73, 6421641
1, pcs, 40757817127935.43, 39.80, 2625.73, 6522574
1, pcs, 40759583691908.16, 40.41, 2625.73, 6624241
1, pcs, 40747781393451.61, 41.02, 2625.73, 6733646
1, pcs, 40756002474328.95, 41.63, 2625.73, 6836111
1, pcs, 40762146826626.00, 42.24, 2625.73, 6944979
1, pcs, 40769846827978.23, 42.85, 2625.73, 7057800
1, pcs, 40765992225286.88, 43.46, 2625.73, 7171830
1, pcs, 40772598747381.66, 44.07, 2625.73, 7278567
1, pcs, 40772142872638.64, 44.68, 2625.73, 7387788
1, pcs, 40774752436655.98, 45.29, 2625.73, 7493901
1, pcs, 40775099347503.44, 45.90, 2625.73, 7604901
1, pcs, 40766016235582.29, 46.51, 2625.73, 7718699
1, pcs, 40765056579395.63, 47.12, 2625.73, 7833710
1, pcs, 40764082377123.36, 47.73, 2625.73, 7948495
1, pcs, 40765766315225.34, 48.34, 2625.73, 8068118
1, pcs, 40774790257323.77, 48.95, 2625.73, 8178285
1, pcs, 40772544445007.02, 49.56, 2625.73, 8298823
1, pcs, 40771345793843.85, 50.17, 2625.73, 8418836
1, pcs, 40775369344682.87, 50.78, 2625.73, 8538748
1, pcs, 40770676260169.86, 51.39, 2625.73, 8650592
1, pcs, 40762021822163.32, 52.00, 2625.73, 8769043
1, pcs, 40768745310341.94, 52.61, 2625.73, 8893639
1, pcs, 40772494290378.26, 53.22, 2625.73, 9009835
1, pcs, 40772470814616.29, 53.83, 2625.73, 9118774
1, pcs, 40778351094830.44, 54.44, 2625.73, 9238232
1, pcs, 40776493178451.30, 55.05, 2625.73, 9359607
1, pcs, 40778468360257.14, 55.66, 2625.73, 9484795
1, pcs, 40777380105860.33, 56.27, 2625.73, 9594203
1, pcs, 40773588871733.19, 56.88, 2625.73, 9714233
1, pcs, 40776104352771.64, 57.49, 2625.73, 9828227
1, pcs, 40771758426228.72, 58.10, 2625.73, 9948857
1, pcs, 40770844533319.88, 58.71, 2625.73, 10061141
1, pcs, 40770515194999.97, 59.32, 2625.73, 10180740
1, pcs, 40765586593693.02, 59.93, 2625.73, 10304841
2, pcs, 50546984272357.44, 0.01, 0.00, 551
2, pcs, 40760899818710.73, 0.62, 0.00, 114187
2, pcs, 40773056637003.34, 1.23, 0.00, 228706
2, pcs, 41069817920399.70, 1.84, 0.00, 343191
2, pcs, 40976936858086.88, 2.45, 0.00, 468390
2, pcs, 40941595280216.27, 3.06, 0.00, 584800
2, pcs, 40965767315858.06, 3.67, 0.00, 692292
2, pcs, 40880599263928.58, 4.27, 0.00, 796044
2, pcs, 40976977524660.37, 4.87, 0.00, 905300
2, pcs, 40879648759376.53, 5.47, 0.00, 1014741
2, pcs, 40876430483798.36, 6.07, 0.00, 1125804
2, pcs, 40849490593741.91, 6.67, 0.00, 1237856
2, pcs, 40829940968529.73, 7.27, 0.00, 1342464
2, pcs, 40854986183906.24, 7.87, 0.00, 1445875
2, pcs, 40878154043063.66, 8.47, 0.00, 1553114
2, pcs, 40897072332718.89, 9.07, 0.00, 1654810
2, pcs, 40911858202959.66, 9.67, 0.00, 1755753
2, pcs, 40889411354000.13, 10.27, 0.00, 1869027
2, pcs, 40863508535311.60, 10.87, 0.00, 1972574
2, pcs, 40809779985248.91, 11.47, 0.00, 2083703
2, pcs, 40811495210352.72, 12.07, 0.00, 2184792
2, pcs, 40814608076225.86, 12.67, 0.00, 2291731
2, pcs, 40795327531062.73, 13.27, 0.00, 2398800
2, pcs, 40788888399628.66, 13.87, 0.00, 2499153
2, pcs, 40792662408819.54, 14.47, 0.00, 2609333
2, pcs, 40785727557301.46, 15.07, 0.00, 2713017
2, pcs, 40814346344386.19, 15.67, 0.00, 2821165
2, pcs, 40819395122826.31, 16.27, 0.00, 2924829
2, pcs, 40802862043894.95, 16.87, 0.00, 3028392
2, pcs, 40782802726429.31, 17.47, 0.00, 3135939
2, pcs, 40778146402118.25, 18.07, 0.00, 3242152
2, pcs, 40779781957242.49, 18.67, 0.00, 3345131
2, pcs, 40797189285205.16, 19.27, 0.00, 3450621
2, pcs, 40794530189631.12, 19.87, 0.00, 3551850
2, pcs, 40776696187938.22, 20.47, 0.00, 3668600
2, pcs, 40779856491707.50, 21.07, 0.00, 3771366
2, pcs, 40787156235345.07, 21.67, 0.00, 3880327
2, pcs, 40796421626681.21, 22.27, 0.00, 3987116
2, pcs, 40796000648029.58, 22.87, 0.00, 4088733
2, pcs, 40808487311855.94, 23.47, 0.00, 4202618
2, pcs, 40816272415754.30, 24.07, 0.00, 4306120
2, pcs, 40803286261129.89, 24.67, 0.00, 4409526
2, pcs, 40819660484643.96, 25.27, 0.00, 4508972
2, pcs, 40822880806550.28, 25.87, 0.00, 4600681
2, pcs, 40821850487355.99, 26.47, 0.00, 4691792
2, pcs, 40826725647829.14, 27.07, 0.00, 4778454
2, pcs, 40833653145057.37, 27.67, 0.00, 4860544
2, pcs, 40841550502936.82, 28.27, 0.00, 4940706
2, pcs, 40835470154574.04, 28.87, 0.00, 5031958
2, pcs, 40838691824721.86, 29.47, 0.00, 5126357
2, pcs, 40840490431885.66, 30.07, 0.00, 5229087
2, pcs, 40844281487650.12, 30.67, 0.00, 5325781
2, pcs, 40843359967407.28, 31.27, 0.00, 5422167
2, pcs, 40843680313709.54, 31.87, 0.00, 5517883
2, pcs, 40842092608539.19, 32.48, 0.00, 5637133
2, pcs, 40842183899422.73, 33.09, 0.00, 5749765
2, pcs, 40847065822410.31, 33.70, 0.00, 5851491
2, pcs, 40851095734744.04, 34.31, 0.00, 5964274
2, pcs, 40851316806350.40, 34.92, 0.00, 6068300
2, pcs, 40850339072865.35, 35.53, 0.00, 6182129
2, pcs, 40849208763306.01, 36.14, 0.00, 6285828
2, pcs, 40845852753644.80, 36.75, 0.00, 6390855
2, pcs, 40832372334262.23, 37.36, 0.00, 6494879
2, pcs, 40830697140382.93, 37.97, 0.00, 6602472
2, pcs, 40824380242734.64, 38.58, 0.00, 6701578
2, pcs, 40819993490154.10, 39.19, 0.00, 6816778
2, pcs, 40823381628661.06, 39.80, 0.00, 6931472
2, pcs, 40825906290332.84, 40.41, 0.00, 7037213
2, pcs, 40828114144467.32, 41.02, 0.00, 7148746
2, pcs, 40823818411236.42, 41.63, 0.00, 7254533
2, pcs, 40830981598609.59, 42.24, 0.00, 7364708
2, pcs, 40836912923876.25, 42.85, 0.00, 7476239
2, pcs, 40837839401298.22, 43.46, 0.00, 7590051
2, pcs, 40851977576341.46, 44.07, 0.00, 7705418
2, pcs, 40848708519959.29, 44.68, 0.00, 7820921
2, pcs, 40837021823670.46, 45.29, 0.00, 7930245
2, pcs, 40844537422340.60, 45.90, 0.00, 8046051
2, pcs, 40839943127146.71, 46.51, 0.00, 8165238
2, pcs, 40837348915750.21, 47.12, 0.00, 8285186
2, pcs, 40834691895865.97, 47.73, 0.00, 8393236
2, pcs, 40837938637017.89, 48.34, 0.00, 8512386
2, pcs, 40839120811048.84, 48.95, 0.00, 8626936
2, pcs, 40840509687034.84, 49.56, 0.00, 8738152
2, pcs, 40839441062294.41, 50.17, 0.00, 8855641
2, pcs, 40843977787987.80, 50.78, 0.00, 8968164
2, pcs, 40851204599423.38, 51.39, 0.00, 9079392
2, pcs, 40849249356656.32, 52.00, 0.00, 9205971
2, pcs, 40848326064433.70, 52.61, 0.00, 9322586
2, pcs, 40844435428988.33, 53.22, 0.00, 9439366
2, pcs, 40845760224370.98, 53.83, 0.00, 9558786
2, pcs, 40845816572581.39, 54.44, 0.00, 9673716
2, pcs, 40847266354858.65, 55.05, 0.00, 9779253
2, pcs, 40840533150965.88, 55.66, 0.00, 9895911
2, pcs, 40843302046126.47, 56.27, 0.00, 10012655
2, pcs, 40850234517193.39, 56.88, 0.00, 10118718
2, pcs, 40851495887447.32, 57.49, 0.00, 10232651
2, pcs, 40847502720649.88, 58.10, 0.00, 10344226
2, pcs, 40843933863206.13, 58.71, 0.00, 10452256
2, pcs, 40840556396331.69, 59.32, 0.00, 10569491
2, pcs, 40838880877497.27, 59.93, 0.00, 10674151
3, pcs, 34597997930520.43, 0.01, 0.00, 69
3, pcs, 40880391568867.66, 0.62, 0.00, 119615
3, pcs, 40902143498598.39, 1.23, 0.00, 227099
3, pcs, 41014095368528.47, 1.84, 0.00, 331143
3, pcs, 41042375993546.27, 2.45, 0.00, 437872
3, pcs, 40895219902568.93, 3.06, 0.00, 541964
3, pcs, 40870887989263.21, 3.67, 0.00, 645711
3, pcs, 40834580778664.73, 4.27, 0.00, 751984
3, pcs, 40800383391449.73, 4.87, 0.00, 855642
3, pcs, 40771076848241.79, 5.47, 0.00, 960120
3, pcs, 40719853149786.23, 6.07, 0.00, 1071741
3, pcs, 40750895716582.78, 6.67, 0.00, 1182728
3, pcs, 40760293622504.69, 7.27, 0.00, 1285926
3, pcs, 40797984384416.89, 7.87, 0.00, 1397924
3, pcs, 40802642423760.51, 8.47, 0.00, 1509153
3, pcs, 40813269310526.17, 9.07, 0.00, 1607846
3, pcs, 40812548903500.40, 9.67, 0.00, 1716438
3, pcs, 40815836052861.93, 10.27, 0.00, 1825576
3, pcs, 40821055329336.85, 10.87, 0.00, 1927938
3, pcs, 40785303212781.31, 11.47, 0.00, 2035718
3, pcs, 40773525745750.04, 12.07, 0.00, 2141363
3, pcs, 40771099079339.73, 12.67, 0.00, 2241079
3, pcs, 40743556189249.73, 13.27, 0.00, 2349320
3, pcs, 40752692051593.71, 13.87, 0.00, 2449452
3, pcs, 40748139190689.63, 14.47, 0.00, 2560404
3, pcs, 40736569251315.75, 15.07, 0.00, 2673726
3, pcs, 40741684706498.20, 15.67, 0.00, 2770746
3, pcs, 40749922726270.81, 16.27, 0.00, 2876573
3, pcs, 40747890264898.12, 16.87, 0.00, 2974321
3, pcs, 40758722211827.65, 17.47, 0.00, 3067058
3, pcs, 40750434993973.69, 18.07, 0.00, 3157889
3, pcs, 40747162512354.80, 18.67, 0.00, 3248943
3, pcs, 40759599748687.80, 19.27, 0.00, 3334029
3, pcs, 40752485481824.29, 19.87, 0.00, 3414865
3, pcs, 40754013696428.90, 20.47, 0.00, 3492596
3, pcs, 40745248359569.63, 21.07, 0.00, 3574221
3, pcs, 40746821199688.93, 21.67, 0.00, 3665099
3, pcs, 40748959246785.94, 22.27, 0.00, 3757900
3, pcs, 40737732186758.20, 22.87, 0.00, 3858303
3, pcs, 40758440965928.27, 23.47, 0.00, 3954000
3, pcs, 40759779182643.50, 24.07, 0.00, 4054853
3, pcs, 40746849208232.64, 24.67, 0.00, 4149089
3, pcs, 40742438564116.62, 25.27, 0.00, 4247937
3, pcs, 40743460283472.67, 25.87, 0.00, 4356461
3, pcs, 40740359044984.84, 26.47, 0.00, 4463820
3, pcs, 40744406554601.11, 27.07, 0.00, 4591242
3, pcs, 40754974261419.60, 27.67, 0.00, 4697431
3, pcs, 40768996871537.62, 28.27, 0.00, 4798044
3, pcs, 40767362329582.64, 28.87, 0.00, 4907096
3, pcs, 40770561789386.81, 29.47, 0.00, 5007911
3, pcs, 40784790267033.17, 30.07, 0.00, 5111865
3, pcs, 40790368490656.03, 30.67, 0.00, 5225407
3, pcs, 40794157835465.31, 31.27, 0.00, 5338206
3, pcs, 40800631472699.53, 31.87, 0.00, 5448246
3, pcs, 40802013989728.81, 32.48, 0.00, 5554615
3, pcs, 40799996718710.45, 33.09, 0.00, 5671727
3, pcs, 40813134904756.79, 33.70, 0.00, 5780569
3, pcs, 40808941204867.08, 34.31, 0.00, 5889824
3, pcs, 40806413467910.11, 34.92, 0.00, 6004697
3, pcs, 40801309699958.24, 35.53, 0.00, 6113164
3, pcs, 40803785470260.82, 36.14, 0.00, 6226158
3, pcs, 40817654768124.22, 36.75, 0.00, 6339796
3, pcs, 40809632761477.30, 37.36, 0.00, 6457813
3, pcs, 40815598171866.95, 37.97, 0.00, 6566302
3, pcs, 40830613897199.94, 38.58, 0.00, 6680101
3, pcs, 40825054852579.68, 39.19, 0.00, 6806723
3, pcs, 40824993499844.38, 39.80, 0.00, 6920049
3, pcs, 40824957429985.34, 40.41, 0.00, 7046489
3, pcs, 40821498914661.44, 41.02, 0.00, 7170821
3, pcs, 40818975335361.70, 41.63, 0.00, 7294003
3, pcs, 40818961541649.09, 42.24, 0.00, 7417407
3, pcs, 40820403827327.66, 42.85, 0.00, 7534343
3, pcs, 40818791180516.36, 43.46, 0.00, 7644796
3, pcs, 40817341235329.42, 44.07, 0.00, 7764146
3, pcs, 40828213799960.13, 44.68, 0.00, 7882392
3, pcs, 40825934661299.87, 45.29, 0.00, 7993202
3, pcs, 40829818465232.81, 45.90, 0.00, 8102119
3, pcs, 40830290512730.80, 46.51, 0.00, 8213777
3, pcs, 40825902713584.65, 47.12, 0.00, 8332573
3, pcs, 40824961925833.21, 47.73, 0.00, 8449375
3, pcs, 40827517867076.88, 48.34, 0.00, 8561229
3, pcs, 40829184870292.66, 48.95, 0.00, 8661905
3, pcs, 40830334752963.48, 49.56, 0.00, 8771337
3, pcs, 40830748767607.46, 50.17, 0.00, 8877600
3, pcs, 40831459153251.98, 50.78, 0.00, 8985764
3, pcs, 40825879698098.02, 51.39, 0.00, 9093152
3, pcs, 40824045441923.82, 52.00, 0.00, 9196051
3, pcs, 40827444609095.14, 52.61, 0.00, 9306158
3, pcs, 40820073182181.74, 53.22, 0.00, 9415193
3, pcs, 40817399584718.47, 53.83, 0.00, 9520822
3, pcs, 40816682812033.84, 54.44, 0.00, 9620564
3, pcs, 40815102724211.39, 55.05, 0.00, 9725360
3, pcs, 40820153169393.45, 55.66, 0.00, 9839796
3, pcs, 40821827883912.09, 56.27, 0.00, 9951635
3, pcs, 40824889968691.58, 56.88, 0.00, 10063922
3, pcs, 40827188420475.06, 57.49, 0.00, 10179540
3, pcs, 40826869976794.81, 58.10, 0.00, 10294460
3, pcs, 40832434468590.87, 58.71, 0.00, 10400915
3, pcs, 40831463058366.66, 59.32, 0.00, 10509286
3, pcs, 40833215025667.15, 59.93, 0.00, 10617373
4, pcs, 41114577155573.84, 0.01, 0.00, 2129
4, pcs, 40701806988619.86, 0.62, 0.00, 108859
4, pcs, 40861441635827.00, 1.23, 0.00, 228630
4, pcs, 41016099778220.58, 1.84, 0.00, 336530
4, pcs, 40900240268114.49, 2.45, 0.00, 442458
4, pcs, 40974175568437.88, 3.06, 0.00, 559855
4, pcs, 40952372762693.46, 3.67, 0.00, 661924
4, pcs, 40947535978043.62, 4.27, 0.00, 764339
4, pcs, 40946230597722.59, 4.87, 0.00, 865654
4, pcs, 40962212658854.52, 5.47, 0.00, 974134
4, pcs, 40958196726997.62, 6.07, 0.00, 1072790
4, pcs, 40851276536890.25, 6.67, 0.00, 1173491
4, pcs, 40918721053289.10, 7.27, 0.00, 1280286
4, pcs, 40909594363534.47, 7.87, 0.00, 1378228
4, pcs, 40923394222660.87, 8.47, 0.00, 1484905
4, pcs, 40944062899973.32, 9.07, 0.00, 1594790
4, pcs, 40917987672337.12, 9.67, 0.00, 1690156
4, pcs, 40931222402147.19, 10.27, 0.00, 1783501
4, pcs, 40940957425769.05, 10.87, 0.00, 1867772
4, pcs, 40926417533124.71, 11.47, 0.00, 1951090
4, pcs, 40953955999988.70, 12.07, 0.00, 2039333
4, pcs, 40950578259561.62, 12.67, 0.00, 2119571
4, pcs, 40913458316074.79, 13.27, 0.00, 2200275
4, pcs, 40928144769444.16, 13.87, 0.00, 2288640
4, pcs, 40942744925610.72, 14.47, 0.00, 2381067
4, pcs, 40935310152399.90, 15.07, 0.00, 2480290
4, pcs, 40919158721260.26, 15.67, 0.00, 2583142
4, pcs, 40923242348324.69, 16.27, 0.00, 2690075
4, pcs, 40912087479727.02, 16.87, 0.00, 2792135
4, pcs, 40931917232561.96, 17.47, 0.00, 2900954
4, pcs, 40903228202482.30, 18.07, 0.00, 3012975
4, pcs, 40900781209823.45, 18.67, 0.00, 3123761
4, pcs, 40897702321671.39, 19.27, 0.00, 3224833
4, pcs, 40873844798948.71, 19.87, 0.00, 3333325
4, pcs, 40873489492390.25, 20.47, 0.00, 3433501
4, pcs, 40881320119715.91, 21.07, 0.00, 3537234
4, pcs, 40898465433904.02, 21.67, 0.00, 3636625
4, pcs, 40881479202554.09, 22.27, 0.00, 3750030
4, pcs, 40871178869125.59, 22.87, 0.00, 3856297
4, pcs, 40876931041248.83, 23.47, 0.00, 3958959
4, pcs, 40873318136304.22, 24.07, 0.00, 4069366
4, pcs, 40860228356966.85, 24.67, 0.00, 4185991
4, pcs, 40862698656258.21, 25.27, 0.00, 4293292
4, pcs, 40866765993372.21, 25.87, 0.00, 4405646
4, pcs, 40859768255538.44, 26.47, 0.00, 4519503
4, pcs, 40860466530710.53, 27.07, 0.00, 4626752
4, pcs, 40857912252745.00, 27.67, 0.00, 4742077
4, pcs, 40846206191915.07, 28.27, 0.00, 4857969
4, pcs, 40841672915692.66, 28.87, 0.00, 4965387
4, pcs, 40828745939488.30, 29.47, 0.00, 5080206
4, pcs, 40822434234407.94, 30.07, 0.00, 5198788
4, pcs, 40833142343601.51, 30.67, 0.00, 5313261
4, pcs, 40825155295495.07, 31.27, 0.00, 5423620
4, pcs, 40825447183338.19, 31.87, 0.00, 5550228
4, pcs, 40821510683780.41, 32.48, 0.00, 5668309
4, pcs, 40813565905733.64, 33.09, 0.00, 5785587
4, pcs, 40798947238727.49, 33.70, 0.00, 5901526
4, pcs, 40798990806300.16, 34.31, 0.00, 6030082
4, pcs, 40781513054137.15, 34.92, 0.00, 6142776
4, pcs, 40778127228367.19, 35.53, 0.00, 6256332
4, pcs, 40766507774810.34, 36.14, 0.00, 6381900
4, pcs, 40778347367984.39, 36.75, 0.00, 6489736
4, pcs, 40777156490649.90, 37.36, 0.00, 6601735
4, pcs, 40770842296005.43, 37.97, 0.00, 6716292
4, pcs, 40772467660578.73, 38.58, 0.00, 6825729
4, pcs, 40772807541118.64, 39.19, 0.00, 6932263
4, pcs, 40775820451354.68, 39.80, 0.00, 7036997
4, pcs, 40770098424321.90, 40.41, 0.00, 7143919
4, pcs, 40775766677321.69, 41.02, 0.00, 7261150
4, pcs, 40780327243646.48, 41.63, 0.00, 7371407
4, pcs, 40784768639805.70, 42.24, 0.00, 7474686
4, pcs, 40789875339742.30, 42.85, 0.00, 7588217
4, pcs, 40792985565752.10, 43.46, 0.00, 7697961
4, pcs, 40796457357019.06, 44.07, 0.00, 7818074
4, pcs, 40802031934535.37, 44.68, 0.00, 7920673
4, pcs, 40807762798177.02, 45.29, 0.00, 8025953
4, pcs, 40803982921266.72, 45.90, 0.00, 8138998
4, pcs, 40803718502072.25, 46.51, 0.00, 8249042
4, pcs, 40805289677292.66, 47.12, 0.00, 8360291
4, pcs, 40806025029502.57, 47.73, 0.00, 8467249
4, pcs, 40798681792743.14, 48.34, 0.00, 8578417
4, pcs, 40796548558650.75, 48.95, 0.00, 8689237
4, pcs, 40792438920985.86, 49.56, 0.00, 8796652
4, pcs, 40793909561714.88, 50.17, 0.00, 8905387
4, pcs, 40783949738714.86, 50.78, 0.00, 9015304
4, pcs, 40780338419707.78, 51.39, 0.00, 9119610
4, pcs, 40776489307179.90, 52.00, 0.00, 9222993
4, pcs, 40781363963359.64, 52.61, 0.00, 9331386
4, pcs, 40780225902931.56, 53.22, 0.00, 9432803
4, pcs, 40779523729782.16, 53.83, 0.00, 9546349
4, pcs, 40789172760795.85, 54.44, 0.00, 9650395
4, pcs, 40797503221681.46, 55.05, 0.00, 9746671
4, pcs, 40796878133788.49, 55.66, 0.00, 9853914
4, pcs, 40795241099299.41, 56.27, 0.00, 9962607
4, pcs, 40800961010319.23, 56.88, 0.00, 10068108
4, pcs, 40805612941930.53, 57.49, 0.00, 10179384
4, pcs, 40808160587471.60, 58.10, 0.00, 10294451
4, pcs, 40812555920181.65, 58.71, 0.00, 10401321
4, pcs, 40807582345557.32, 59.32, 0.00, 10507090
4, pcs, 40804381118998.75, 59.93, 0.00, 10614608
5, pcs, 46672310466722.29, 0.01, 0.00, 2225
5, pcs, 41835366840359.23, 0.62, 0.00, 108268
5, pcs, 41438542006750.49, 1.23, 0.00, 206742
5, pcs, 41177027605774.74, 1.84, 0.00, 306198
5, pcs, 41104000604386.46, 2.45, 0.00, 396667
5, pcs, 40940181801968.29, 3.06, 0.00, 483466
5, pcs, 40856151284226.21, 3.67, 0.00, 566585
5, pcs, 40837663841977.14, 4.27, 0.00, 650114
5, pcs, 40847107035488.07, 4.87, 0.00, 729009
5, pcs, 40763115181789.71, 5.47, 0.00, 816298
5, pcs, 40780571261331.05, 6.07, 0.00, 907299
5, pcs, 40729101674422.99, 6.67, 0.00, 990504
5, pcs, 40702944946826.99, 7.27, 0.00, 1092714
5, pcs, 40637249150827.46, 7.87, 0.00, 1190608
5, pcs, 40634487706953.96, 8.47, 0.00, 1294196
5, pcs, 40624838684593.70, 9.07, 0.00, 1404597
5, pcs, 40612185467219.91, 9.67, 0.00, 1508432
5, pcs, 40628752495915.20, 10.27, 0.00, 1613591
5, pcs, 40634017519023.40, 10.87, 0.00, 1723999
5, pcs, 40670590629327.05, 11.47, 0.00, 1825003
5, pcs, 40688501796776.46, 12.07, 0.00, 1940878
5, pcs, 40697712677235.31, 12.67, 0.00, 2054148
5, pcs, 40714232471702.85, 13.27, 0.00, 2151332
5, pcs, 40759672321733.32, 13.87, 0.00, 2257765
5, pcs, 40767715990983.26, 14.47, 0.00, 2368501
5, pcs, 40764342662818.04, 15.07, 0.00, 2485822
5, pcs, 40728225298990.89, 15.67, 0.00, 2598075
5, pcs, 40719054172669.18, 16.27, 0.00, 2709056
5, pcs, 40724546345956.62, 16.87, 0.00, 2841054
5, pcs, 40753064830838.54, 17.47, 0.00, 2960480
5, pcs, 40749871847381.96, 18.07, 0.00, 3070624
5, pcs, 40738882627588.89, 18.67, 0.00, 3203437
5, pcs, 40739567771162.99, 19.27, 0.00, 3319173
5, pcs, 40717151582914.07, 19.87, 0.00, 3430473
5, pcs, 40714727035525.04, 20.47, 0.00, 3537645
5, pcs, 40708326108541.69, 21.07, 0.00, 3643837
5, pcs, 40701543760098.71, 21.67, 0.00, 3759482
5, pcs, 40704301989908.48, 22.27, 0.00, 3886466
5, pcs, 40705127067770.24, 22.87, 0.00, 3996987
5, pcs, 40703098188100.59, 23.47, 0.00, 4103207
5, pcs, 40696945627175.69, 24.07, 0.00, 4217177
5, pcs, 40723565459481.95, 24.67, 0.00, 4333050
5, pcs, 40720525435044.00, 25.27, 0.00, 4445827
5, pcs, 40727761334861.61, 25.87, 0.00, 4567826
5, pcs, 40732548359120.93, 26.47, 0.00, 4678088
5, pcs, 40733687469379.12, 27.07, 0.00, 4793754
5, pcs, 40737060757093.98, 27.67, 0.00, 4908695
5, pcs, 40726385069734.82, 28.27, 0.00, 5020387
5, pcs, 40738062750270.49, 28.87, 0.00, 5132525
5, pcs, 40736468859254.39, 29.47, 0.00, 5246952
5, pcs, 40749210006873.75, 30.07, 0.00, 5362187
5, pcs, 40744147324489.85, 30.67, 0.00, 5478220
5, pcs, 40758410515912.53, 31.27, 0.00, 5589755
5, pcs, 40765587734386.39, 31.87, 0.00, 5698621
5, pcs, 40755455195617.83, 32.48, 0.00, 5812268
5, pcs, 40743003556276.95, 33.09, 0.00, 5923428
5, pcs, 40747362662958.67, 33.70, 0.00, 6024882
5, pcs, 40746865504294.96, 34.31, 0.00, 6135110
5, pcs, 40740142465242.84, 34.92, 0.00, 6236900
5, pcs, 40733682800189.74, 35.53, 0.00, 6348929
5, pcs, 40731090640497.07, 36.14, 0.00, 6471643
5, pcs, 40728696927172.79, 36.75, 0.00, 6578759
5, pcs, 40719984058023.71, 37.36, 0.00, 6680359
5, pcs, 40729196755136.25, 37.97, 0.00, 6784918
5, pcs, 40726356348745.40, 38.58, 0.00, 6887385
5, pcs, 40731801445113.10, 39.19, 0.00, 6991961
5, pcs, 40735569394687.65, 39.80, 0.00, 7093998
5, pcs, 40733645599948.57, 40.41, 0.00, 7197637
5, pcs, 40737916993600.12, 41.02, 0.00, 7305889
5, pcs, 40735879679764.74, 41.63, 0.00, 7412141
5, pcs, 40723467076620.73, 42.24, 0.00, 7516030
5, pcs, 40718761706544.17, 42.85, 0.00, 7616918
5, pcs, 40715668355437.13, 43.46, 0.00, 7718628
5, pcs, 40723422316772.72, 44.07, 0.00, 7828109
5, pcs, 40724624797329.37, 44.68, 0.00, 7926818
5, pcs, 40721184540414.91, 45.29, 0.00, 8028703
5, pcs, 40721542731147.59, 45.90, 0.00, 8135846
5, pcs, 40728070542790.07, 46.51, 0.00, 8246242
5, pcs, 40728590443021.81, 47.12, 0.00, 8348672
5, pcs, 40731819901775.23, 47.73, 0.00, 8467192
5, pcs, 40735346048570.97, 48.34, 0.00, 8571048
5, pcs, 40740486336635.92, 48.95, 0.00, 8676769
5, pcs, 40731644996793.89, 49.56, 0.00, 8797112
5, pcs, 40736019727976.42, 50.17, 0.00, 8910424
5, pcs, 40736720516866.54, 50.78, 0.00, 9021234
5, pcs, 40737083135983.98, 51.39, 0.00, 9126500
5, pcs, 40739226244678.27, 52.00, 0.00, 9232308
5, pcs, 40741425305000.01, 52.61, 0.00, 9342516
5, pcs, 40738044698677.81, 53.22, 0.00, 9449602
5, pcs, 40740915895070.34, 53.83, 0.00, 9547153
5, pcs, 40739856546323.34, 54.44, 0.00, 9643814
5, pcs, 40742937272147.13, 55.05, 0.00, 9737918
5, pcs, 40743204623314.29, 55.66, 0.00, 9829259
5, pcs, 40748213770914.34, 56.27, 0.00, 9910139
5, pcs, 40749842644093.72, 56.88, 0.00, 9989094
5, pcs, 40748451547202.29, 57.49, 0.00, 10074208
5, pcs, 40752327950974.35, 58.10, 0.00, 10162125
5, pcs, 40753290758205.61, 58.71, 0.00, 10262464
5, pcs, 40752324668712.25, 59.32, 0.00, 10354658
5, pcs, 40761107137355.43, 59.93, 0.00, 10451015
6, pcs, 44942914255260.76, 0.01, 0.00, 1204
6, pcs, 40497148405813.79, 0.62, 0.00, 99378
6, pcs, 40562818391841.45, 1.23, 0.00, 195109
6, pcs, 40598437177874.85, 1.84, 0.00, 304270
6, pcs, 40577389857233.00, 2.45, 0.00, 409973
6, pcs, 40539818854000.16, 3.06, 0.00, 517527
6, pcs, 40546224101198.36, 3.67, 0.00, 623415
6, pcs, 40630106491722.79, 4.27, 0.00, 739777
6, pcs, 40692006013574.27, 4.87, 0.00, 850304
6, pcs, 40679484234386.25, 5.47, 0.00, 955044
6, pcs, 40704785468661.75, 6.07, 0.00, 1056811
6, pcs, 40762183442832.07, 6.67, 0.00, 1161883
6, pcs, 40790928345275.57, 7.27, 0.00, 1262721
6, pcs, 40793575339653.09, 7.87, 0.00, 1372170
6, pcs, 40814863414614.42, 8.47, 0.00, 1475742
6, pcs, 40840119757051.27, 9.07, 0.00, 1586106
6, pcs, 40862493490299.58, 9.67, 0.00, 1697573
6, pcs, 40879685778766.70, 10.27, 0.00, 1817975
6, pcs, 40875668936658.82, 10.87, 0.00, 1932497
6, pcs, 40828900485074.60, 11.47, 0.00, 2046661
6, pcs, 40825734007983.59, 12.07, 0.00, 2159461
6, pcs, 40854465475672.43, 12.67, 0.00, 2269735
6, pcs, 40852332854506.78, 13.27, 0.00, 2377055
6, pcs, 40816869599365.96, 13.87, 0.00, 2489505
6, pcs, 40815506235497.07, 14.47, 0.00, 2607044
6, pcs, 40809154259370.80, 15.07, 0.00, 2714014
6, pcs, 40807703744794.22, 15.67, 0.00, 2827211
6, pcs, 40809692800312.97, 16.27, 0.00, 2945160
6, pcs, 40808900292965.95, 16.87, 0.00, 3064759
6, pcs, 40785479103590.78, 17.47, 0.00, 3187222
6, pcs, 40786341013773.38, 18.07, 0.00, 3302841
6, pcs, 40804346856030.42, 18.67, 0.00, 3418735
6, pcs, 40802700713252.01, 19.27, 0.00, 3531412
6, pcs, 40809647029473.07, 19.87, 0.00, 3645154
6, pcs, 40811688321923.13, 20.47, 0.00, 3759855
6, pcs, 40796669064467.82, 21.07, 0.00, 3868704
6, pcs, 40794375174133.09, 21.67, 0.00, 3979728
6, pcs, 40805931738491.09, 22.27, 0.00, 4089610
6, pcs, 40832463491644.61, 22.87, 0.00, 4210596
6, pcs, 40850465729197.05, 23.47, 0.00, 4320846
6, pcs, 40849763812356.84, 24.07, 0.00, 4429346
6, pcs, 40864977768497.55, 24.67, 0.00, 4537942
6, pcs, 40858366699974.81, 25.27, 0.00, 4650059
6, pcs, 40856105201511.25, 25.87, 0.00, 4759631
6, pcs, 40849970265253.87, 26.47, 0.00, 4868547
6, pcs, 40854705309492.53, 27.07, 0.00, 4977379
6, pcs, 40847842259599.60, 27.67, 0.00, 5086013
6, pcs, 40839553165747.89, 28.27, 0.00, 5191835
6, pcs, 40834543505449.22, 28.87, 0.00, 5293455
6, pcs, 40833997498313.51, 29.47, 0.00, 5405355
6, pcs, 40845160950788.40, 30.07, 0.00, 5511361
6, pcs, 40844032121422.92, 30.67, 0.00, 5617178
6, pcs, 40840091133883.10, 31.27, 0.00, 5724564
6, pcs, 40846691737659.16, 31.87, 0.00, 5830339
6, pcs, 40846209960876.29, 32.48, 0.00, 5939330
6, pcs, 40852762486564.85, 33.09, 0.00, 6044672
6, pcs, 40853740835078.64, 33.70, 0.00, 6148443
6, pcs, 40858845374859.21, 34.31, 0.00, 6256096
6, pcs, 40858462948578.11, 34.92, 0.00, 6370994
6, pcs, 40856532943494.75, 35.53, 0.00, 6483267
6, pcs, 40845370338499.59, 36.14, 0.00, 6589911
6, pcs, 40848969159238.54, 36.75, 0.00, 6698294
6, pcs, 40849571283267.34, 37.36, 0.00, 6811550
6, pcs, 40850787119672.23, 37.97, 0.00, 6914355
6, pcs, 40848975295811.27, 38.58, 0.00, 7020635
6, pcs, 40850351162644.81, 39.19, 0.00, 7127128
6, pcs, 40847633972732.94, 39.80, 0.00, 7243485
6, pcs, 40854283022383.41, 40.41, 0.00, 7347097
6, pcs, 40860588437903.80, 41.02, 0.00, 7452627
6, pcs, 40868807966881.96, 41.63, 0.00, 7562424
6, pcs, 40869230724546.80, 42.24, 0.00, 7670642
6, pcs, 40872483571355.31, 42.85, 0.00, 7779828
6, pcs, 40881937316875.71, 43.46, 0.00, 7886165
6, pcs, 40879804354667.02, 44.07, 0.00, 7988567
6, pcs, 40876452664832.05, 44.68, 0.00, 8099952
6, pcs, 40884214316302.54, 45.29, 0.00, 8206700
6, pcs, 40889409119872.94, 45.90, 0.00, 8316109
6, pcs, 40895943084020.10, 46.51, 0.00, 8413306
6, pcs, 40896072850328.95, 47.12, 0.00, 8501813
6, pcs, 40889050034994.42, 47.73, 0.00, 8585468
6, pcs, 40891582070962.42, 48.34, 0.00, 8675455
6, pcs, 40892870059045.28, 48.95, 0.00, 8759704
6, pcs, 40900002974705.37, 49.56, 0.00, 8842606
6, pcs, 40898871704785.17, 50.17, 0.00, 8936077
6, pcs, 40897575468575.93, 50.78, 0.00, 9033841
6, pcs, 40888616859799.43, 51.39, 0.00, 9135434
6, pcs, 40886395880442.29, 52.00, 0.00, 9226509
6, pcs, 40884885796723.31, 52.61, 0.00, 9325188
6, pcs, 40883192354022.50, 53.22, 0.00, 9424082
6, pcs, 40891239771927.21, 53.83, 0.00, 9531701
6, pcs, 40895086286550.99, 54.44, 0.00, 9640190
6, pcs, 40902167265660.80, 55.05, 0.00, 9752839
6, pcs, 40901171598329.15, 55.66, 0.00, 9856288
6, pcs, 40898618700002.35, 56.27, 0.00, 9969908
6, pcs, 40895723232793.40, 56.88, 0.00, 10072662
6, pcs, 40899224675454.93, 57.49, 0.00, 10171514
6, pcs, 40899760587916.29, 58.10, 0.00, 10275092
6, pcs, 40891293201966.54, 58.71, 0.00, 10379814
6, pcs, 40891368009444.33, 59.32, 0.00, 10489064
6, pcs, 40896014621392.87, 59.93, 0.00, 10601322
7, pcs, 37468235426998.59, 0.01, 0.00, 2230
7, pcs, 40548757681065.36, 0.62, 0.00, 109682
7, pcs, 40727875542416.16, 1.23, 0.00, 221584
7, pcs, 40603979907277.78, 1.84, 0.00, 331352
7, pcs, 40684402334496.70, 2.45, 0.00, 446683
7, pcs, 40635399777454.81, 3.06, 0.00, 550981
7, pcs, 40693603934642.30, 3.67, 0.00, 669741
7, pcs, 40613938570983.72, 4.27, 0.00, 775682
7, pcs, 40613506636507.14, 4.87, 0.00, 885746
7, pcs, 40652103831572.03, 5.47, 0.00, 997401
7, pcs, 40696540040183.45, 6.07, 0.00, 1112410
7, pcs, 40672500850735.61, 6.67, 0.00, 1225194
7, pcs, 40658832649239.02, 7.27, 0.00, 1334257
7, pcs, 40642386860414.82, 7.87, 0.00, 1450335
7, pcs, 40639296665613.00, 8.47, 0.00, 1560627
7, pcs, 40661323181522.46, 9.07, 0.00, 1673348
7, pcs, 40686654571042.54, 9.67, 0.00, 1794427
7, pcs, 40701860169044.20, 10.27, 0.00, 1907816
7, pcs, 40729564373117.40, 10.87, 0.00, 2023968
7, pcs, 40781218149098.87, 11.47, 0.00, 2138920
7, pcs, 40749889525159.15, 12.07, 0.00, 2250906
7, pcs, 40807654177917.10, 12.67, 0.00, 2372384
7, pcs, 40798052090383.50, 13.27, 0.00, 2487552
7, pcs, 40770123713073.29, 13.87, 0.00, 2597269
7, pcs, 40775539208463.88, 14.47, 0.00, 2715100
7, pcs, 40762728263575.41, 15.07, 0.00, 2831326
7, pcs, 40758325705550.39, 15.67, 0.00, 2944352
7, pcs, 40771540019979.51, 16.27, 0.00, 3045581
7, pcs, 40778401166640.18, 16.87, 0.00, 3154972
7, pcs, 40790071924342.23, 17.47, 0.00, 3264985
7, pcs, 40793023828324.64, 18.07, 0.00, 3377295
7, pcs, 40801361479070.04, 18.67, 0.00, 3482107
7, pcs, 40802671954639.36, 19.27, 0.00, 3595958
7, pcs, 40806358747189.26, 19.87, 0.00, 3705588
7, pcs, 40814006559266.35, 20.47, 0.00, 3809320
7, pcs, 40809720205941.64, 21.07, 0.00, 3918223
7, pcs, 40818567993599.01, 21.67, 0.00, 4028982
7, pcs, 40817321495429.97, 22.27, 0.00, 4137500
7, pcs, 40812200216916.83, 22.87, 0.00, 4248826
7, pcs, 40813852201223.53, 23.47, 0.00, 4368698
7, pcs, 40826507701082.36, 24.07, 0.00, 4471553
7, pcs, 40826842988448.48, 24.67, 0.00, 4581952
7, pcs, 40823249958871.46, 25.27, 0.00, 4690062
7, pcs, 40826766168009.55, 25.87, 0.00, 4791440
7, pcs, 40833792080898.81, 26.47, 0.00, 4893559
7, pcs, 40841802646260.60, 27.07, 0.00, 5007768
7, pcs, 40838133946608.33, 27.67, 0.00, 5115671
7, pcs, 40834001030991.12, 28.27, 0.00, 5217826
7, pcs, 40832149523292.73, 28.87, 0.00, 5321702
7, pcs, 40835698674737.94, 29.47, 0.00, 5434584
7, pcs, 40828876361164.54, 30.07, 0.00, 5537298
7, pcs, 40822980521273.23, 30.67, 0.00, 5640815
7, pcs, 40825245211907.00, 31.27, 0.00, 5742434
7, pcs, 40850010165819.35, 31.87, 0.00, 5844037
7, pcs, 40851701610968.50, 32.48, 0.00, 5951417
7, pcs, 40853804875542.06, 33.09, 0.00, 6057646
7, pcs, 40837116075771.60, 33.70, 0.00, 6169487
7, pcs, 40845630568810.43, 34.31, 0.00, 6278167
7, pcs, 40852754205671.38, 34.92, 0.00, 6383737
7, pcs, 40848588961948.40, 35.53, 0.00, 6491122
7, pcs, 40849276227524.36, 36.14, 0.00, 6601008
7, pcs, 40851553005678.40, 36.75, 0.00, 6703792
7, pcs, 40856419704115.90, 37.36, 0.00, 6819017
7, pcs, 40862211955036.40, 37.97, 0.00, 6920338
7, pcs, 40852148298317.52, 38.58, 0.00, 7018434
7, pcs, 40851354704903.39, 39.19, 0.00, 7103870
7, pcs, 40857760908507.15, 39.80, 0.00, 7198024
7, pcs, 40854385309587.36, 40.41, 0.00, 7286824
7, pcs, 40853253157217.45, 41.02, 0.00, 7367491
7, pcs, 40853328088879.34, 41.63, 0.00, 7459980
7, pcs, 40850186839870.46, 42.24, 0.00, 7546333
7, pcs, 40849265013510.82, 42.85, 0.00, 7636804
7, pcs, 40845099767306.76, 43.46, 0.00, 7731117
7, pcs, 40845765449090.91, 44.07, 0.00, 7834440
7, pcs, 40844079645691.76, 44.68, 0.00, 7941743
7, pcs, 40848165381794.28, 45.29, 0.00, 8046739
7, pcs, 40842120254290.47, 45.90, 0.00, 8150190
7, pcs, 40849685766212.27, 46.51, 0.00, 8258100
7, pcs, 40849947253530.38, 47.12, 0.00, 8368323
7, pcs, 40849653250090.70, 47.73, 0.00, 8477569
7, pcs, 40851953025777.13, 48.34, 0.00, 8592641
7, pcs, 40847900486273.14, 48.95, 0.00, 8699304
7, pcs, 40848125399096.78, 49.56, 0.00, 8805105
7, pcs, 40847913685129.67, 50.17, 0.00, 8911341
7, pcs, 40840615326365.57, 50.78, 0.00, 9027034
7, pcs, 40839497249355.26, 51.39, 0.00, 9141414
7, pcs, 40834517114673.45, 52.00, 0.00, 9248491
7, pcs, 40836557813821.62, 52.61, 0.00, 9352076
7, pcs, 40835269473734.84, 53.22, 0.00, 9469848
7, pcs, 40833559147767.07, 53.83, 0.00, 9576219
7, pcs, 40832114971510.95, 54.44, 0.00, 9694833
7, pcs, 40828525759281.85, 55.05, 0.00, 9816378
7, pcs, 40829017168240.46, 55.66, 0.00, 9935275
7, pcs, 40828686162485.03, 56.27, 0.00, 10050269
7, pcs, 40824771774796.32, 56.88, 0.00, 10162210
7, pcs, 40832562821086.27, 57.49, 0.00, 10276489
7, pcs, 40832265776176.73, 58.10, 0.00, 10388349
7, pcs, 40825650013763.13, 58.71, 0.00, 10499604
7, pcs, 40830676993176.98, 59.32, 0.00, 10612615
7, pcs, 40832805244214.48, 59.93, 0.00, 10728552
8, pcs, 41817054685729.49, 0.01, 0.00, 1294
8, pcs, 40656231399889.17, 0.62, 0.00, 127673
8, pcs, 40695479155762.76, 1.23, 0.00, 248207
8, pcs, 40641845559656.04, 1.84, 0.00, 370418
8, pcs, 40634872956494.23, 2.45, 0.00, 490222
8, pcs, 40711385115911.15, 3.06, 0.00, 598525
8, pcs, 40672523154332.18, 3.67, 0.00, 713307
8, pcs, 40585103181929.62, 4.27, 0.00, 820996
8, pcs, 40603000531536.65, 4.87, 0.00, 930003
8, pcs, 40573186603042.92, 5.47, 0.00, 1038243
8, pcs, 40603027951997.59, 6.07, 0.00, 1148691
8, pcs, 40631960186451.16, 6.67, 0.00, 1254148
8, pcs, 40647056229664.70, 7.27, 0.00, 1365644
8, pcs, 40671419342587.03, 7.87, 0.00, 1467926
8, pcs, 40632405411046.72, 8.47, 0.00, 1570674
8, pcs, 40678856171208.02, 9.07, 0.00, 1676099
8, pcs, 40701526675337.29, 9.67, 0.00, 1787124
8, pcs, 40748110749590.03, 10.27, 0.00, 1900661
8, pcs, 40739618729652.41, 10.87, 0.00, 2016300
8, pcs, 40760874581278.01, 11.47, 0.00, 2123042
8, pcs, 40793810170217.60, 12.07, 0.00, 2228020
8, pcs, 40804672404171.91, 12.67, 0.00, 2330005
8, pcs, 40780740490441.00, 13.27, 0.00, 2434918
8, pcs, 40782804226434.44, 13.87, 0.00, 2548179
8, pcs, 40769184356516.28, 14.47, 0.00, 2659427
8, pcs, 40762274629345.91, 15.07, 0.00, 2764261
8, pcs, 40765538719852.22, 15.67, 0.00, 2863837
8, pcs, 40773797220628.52, 16.27, 0.00, 2971631
8, pcs, 40778665260593.98, 16.87, 0.00, 3074232
8, pcs, 40761527895743.86, 17.47, 0.00, 3182018
8, pcs, 40759707352445.11, 18.07, 0.00, 3287487
8, pcs, 40766508883570.74, 18.67, 0.00, 3397362
8, pcs, 40786926411991.85, 19.27, 0.00, 3505493
8, pcs, 40790698638361.71, 19.87, 0.00, 3611196
8, pcs, 40808658768966.32, 20.47, 0.00, 3713335
8, pcs, 40816242061729.98, 21.07, 0.00, 3815779
8, pcs, 40813590189094.46, 21.67, 0.00, 3926596
8, pcs, 40809919943987.87, 22.27, 0.00, 4035549
8, pcs, 40817718604714.59, 22.87, 0.00, 4145755
8, pcs, 40836906321243.97, 23.47, 0.00, 4247639
8, pcs, 40827995849216.74, 24.07, 0.00, 4357225
8, pcs, 40833075990848.09, 24.67, 0.00, 4463896
8, pcs, 40833283438954.25, 25.27, 0.00, 4563242
8, pcs, 40821267235039.84, 25.87, 0.00, 4674422
8, pcs, 40819020249757.82, 26.47, 0.00, 4785877
8, pcs, 40825073854992.24, 27.07, 0.00, 4891690
8, pcs, 40823684713558.25, 27.67, 0.00, 5006745
8, pcs, 40817674652443.24, 28.27, 0.00, 5109511
8, pcs, 40819589684803.34, 28.87, 0.00, 5212348
8, pcs, 40824644762226.96, 29.47, 0.00, 5327027
8, pcs, 40829911802406.57, 30.07, 0.00, 5426087
8, pcs, 40814539197778.16, 30.67, 0.00, 5518479
8, pcs, 40809666713516.72, 31.27, 0.00, 5608522
8, pcs, 40809750486092.28, 31.87, 0.00, 5696198
8, pcs, 40807819120409.85, 32.48, 0.00, 5781712
8, pcs, 40804255462774.22, 33.09, 0.00, 5869692
8, pcs, 40803055522891.21, 33.70, 0.00, 5955314
8, pcs, 40798270190837.09, 34.31, 0.00, 6051351
8, pcs, 40785520346570.36, 34.92, 0.00, 6150006
8, pcs, 40789053770761.46, 35.53, 0.00, 6251281
8, pcs, 40789720489879.95, 36.14, 0.00, 6344762
8, pcs, 40793100856318.49, 36.75, 0.00, 6444961
8, pcs, 40790699189334.35, 37.36, 0.00, 6548061
8, pcs, 40799340824980.70, 37.97, 0.00, 6650114
8, pcs, 40800794630758.08, 38.58, 0.00, 6751636
8, pcs, 40804234112288.78, 39.19, 0.00, 6855411
8, pcs, 40815216883096.06, 39.80, 0.00, 6969551
8, pcs, 40805814400075.03, 40.41, 0.00, 7080499
8, pcs, 40798286053287.76, 41.02, 0.00, 7195254
8, pcs, 40802153332909.56, 41.63, 0.00, 7302783
8, pcs, 40805350011081.84, 42.24, 0.00, 7416020
8, pcs, 40806393650602.29, 42.85, 0.00, 7529110
8, pcs, 40798795206093.27, 43.46, 0.00, 7634841
8, pcs, 40793075420847.01, 44.07, 0.00, 7743259
8, pcs, 40788738076404.20, 44.68, 0.00, 7869458
8, pcs, 40788479443502.69, 45.29, 0.00, 7987422
8, pcs, 40786513277438.32, 45.90, 0.00, 8113687
8, pcs, 40792793357091.46, 46.51, 0.00, 8231627
8, pcs, 40804269946733.75, 47.12, 0.00, 8335957
8, pcs, 40802917480296.12, 47.73, 0.00, 8446451
8, pcs, 40810264068477.23, 48.34, 0.00, 8565258
8, pcs, 40820390866864.95, 48.95, 0.00, 8685156
8, pcs, 40814937738476.22, 49.56, 0.00, 8811709
8, pcs, 40821179129206.27, 50.17, 0.00, 8919341
8, pcs, 40827579422008.29, 50.78, 0.00, 9034594
8, pcs, 40819697671141.87, 51.39, 0.00, 9151170
8, pcs, 40823186531821.23, 52.00, 0.00, 9263582
8, pcs, 40826160319702.59, 52.61, 0.00, 9376824
8, pcs, 40822405949953.69, 53.22, 0.00, 9483485
8, pcs, 40825962722148.78, 53.83, 0.00, 9588916
8, pcs, 40831019439640.56, 54.44, 0.00, 9701924
8, pcs, 40827732999763.02, 55.05, 0.00, 9817816
8, pcs, 40820972367072.29, 55.66, 0.00, 9941122
8, pcs, 40817275956470.95, 56.27, 0.00, 10051938
8, pcs, 40823844624149.10, 56.88, 0.00, 10172148
8, pcs, 40824046302111.38, 57.49, 0.00, 10293369
8, pcs, 40823545746424.13, 58.10, 0.00, 10408121
8, pcs, 40831622583260.27, 58.71, 0.00, 10520753
8, pcs, 40828992519016.86, 59.32, 0.00, 10635476
8, pcs, 40826959681027.28, 59.93, 0.00, 10746363
9, pcs, 42641126377704.27, 0.01, 0.00, 1241
9, pcs, 40535492063487.00, 0.62, 0.00, 110670
9, pcs, 40777541700251.27, 1.23, 0.00, 224856
9, pcs, 40964289010015.18, 1.84, 0.00, 329098
9, pcs, 40871505548670.22, 2.45, 0.00, 443616
9, pcs, 40855463450110.30, 3.06, 0.00, 562553
9, pcs, 40869694990577.91, 3.67, 0.00, 682938
9, pcs, 40920994034929.81, 4.27, 0.00, 792351
9, pcs, 40940295637890.95, 4.87, 0.00, 906461
9, pcs, 40938282107472.36, 5.47, 0.00, 1016699
9, pcs, 40979709372772.89, 6.07, 0.00, 1120520
9, pcs, 40937569447208.31, 6.67, 0.00, 1224006
9, pcs, 40883053546043.15, 7.27, 0.00, 1326988
9, pcs, 40879574478134.92, 7.87, 0.00, 1423846
9, pcs, 40893877019374.79, 8.47, 0.00, 1536074
9, pcs, 40873272908422.05, 9.07, 0.00, 1648940
9, pcs, 40863711356801.26, 9.67, 0.00, 1751191
9, pcs, 40810968096817.02, 10.27, 0.00, 1859068
9, pcs, 40803485463193.11, 10.87, 0.00, 1964262
9, pcs, 40810251157850.95, 11.47, 0.00, 2074027
9, pcs, 40784208467709.53, 12.07, 0.00, 2177659
9, pcs, 40779291275786.21, 12.67, 0.00, 2275529
9, pcs, 40780318827332.11, 13.27, 0.00, 2381038
9, pcs, 40767343445899.13, 13.87, 0.00, 2483853
9, pcs, 40760193458591.06, 14.47, 0.00, 2585700
9, pcs, 40764560433701.66, 15.07, 0.00, 2681709
9, pcs, 40762969419662.34, 15.67, 0.00, 2782486
9, pcs, 40773516777888.39, 16.27, 0.00, 2884774
9, pcs, 40750427725117.52, 16.87, 0.00, 2984046
9, pcs, 40763082576738.88, 17.47, 0.00, 3091161
9, pcs, 40761951553567.49, 18.07, 0.00, 3202034
9, pcs, 40778073709814.74, 18.67, 0.00, 3303696
9, pcs, 40780247434494.12, 19.27, 0.00, 3410306
9, pcs, 40793152040389.28, 19.87, 0.00, 3517384
9, pcs, 40789399564696.11, 20.47, 0.00, 3632800
9, pcs, 40785387394780.65, 21.07, 0.00, 3750339
9, pcs, 40792525580040.16, 21.67, 0.00, 3865215
9, pcs, 40789648454128.85, 22.27, 0.00, 3957998
9, pcs, 40776100461065.91, 22.87, 0.00, 4049083
9, pcs, 40770313955252.56, 23.47, 0.00, 4133341
9, pcs, 40762830960393.95, 24.07, 0.00, 4219653
9, pcs, 40752952354320.80, 24.67, 0.00, 4307685
9, pcs, 40746172006293.65, 25.27, 0.00, 4390504
9, pcs, 40756905757448.66, 25.87, 0.00, 4470208
9, pcs, 40763844046318.21, 26.47, 0.00, 4560103
9, pcs, 40773252418352.72, 27.07, 0.00, 4657102
9, pcs, 40781882097191.68, 27.67, 0.00, 4750586
9, pcs, 40785893975890.04, 28.27, 0.00, 4848959
9, pcs, 40780685007829.78, 28.87, 0.00, 4952890
9, pcs, 40792146846220.91, 29.47, 0.00, 5060126
9, pcs, 40791747425206.08, 30.07, 0.00, 5165566
9, pcs, 40797347038558.89, 30.67, 0.00, 5261563
9, pcs, 40809552433588.51, 31.27, 0.00, 5367391
9, pcs, 40803356655945.21, 31.87, 0.00, 5476014
9, pcs, 40819688126273.92, 32.48, 0.00, 5584941
9, pcs, 40816275945347.88, 33.09, 0.00, 5687138
9, pcs, 40805306039185.34, 33.70, 0.00, 5800526
9, pcs, 40807984738275.25, 34.31, 0.00, 5911334
9, pcs, 40814001347618.96, 34.92, 0.00, 6016244
9, pcs, 40811849785995.94, 35.53, 0.00, 6126667
9, pcs, 40811492749549.64, 36.14, 0.00, 6227088
9, pcs, 40816693427166.37, 36.75, 0.00, 6335627
9, pcs, 40803186951567.75, 37.36, 0.00, 6442266
9, pcs, 40793314771514.00, 37.97, 0.00, 6556312
9, pcs, 40799441959975.68, 38.58, 0.00, 6671747
9, pcs, 40810564472670.74, 39.19, 0.00, 6783538
9, pcs, 40804757077368.29, 39.80, 0.00, 6895779
9, pcs, 40809448152879.03, 40.41, 0.00, 7008628
9, pcs, 40806222166560.15, 41.02, 0.00, 7129307
9, pcs, 40805698991410.66, 41.63, 0.00, 7247292
9, pcs, 40803391377258.45, 42.24, 0.00, 7366704
9, pcs, 40798072367136.33, 42.85, 0.00, 7494679
9, pcs, 40804198242072.06, 43.46, 0.00, 7611286
9, pcs, 40808761509136.56, 44.07, 0.00, 7735242
9, pcs, 40793264816028.28, 44.68, 0.00, 7853262
9, pcs, 40794694345796.76, 45.29, 0.00, 7977242
9, pcs, 40795512031788.52, 45.90, 0.00, 8088773
9, pcs, 40794784162333.71, 46.51, 0.00, 8203858
9, pcs, 40788550107688.66, 47.12, 0.00, 8317729
9, pcs, 40797348409112.14, 47.73, 0.00, 8435072
9, pcs, 40793451560997.48, 48.34, 0.00, 8565784
9, pcs, 40790235995152.02, 48.95, 0.00, 8673902
9, pcs, 40785029865792.79, 49.56, 0.00, 8779939
9, pcs, 40792750392421.34, 50.17, 0.00, 8900100
9, pcs, 40789953762681.36, 50.78, 0.00, 9019654
9, pcs, 40799114770829.99, 51.39, 0.00, 9133903
9, pcs, 40795744980272.48, 52.00, 0.00, 9243061
9, pcs, 40798903867175.55, 52.61, 0.00, 9348556
9, pcs, 40799264762304.18, 53.22, 0.00, 9458145
9, pcs, 40800782592521.51, 53.83, 0.00, 9563092
9, pcs, 40797271060558.03, 54.44, 0.00, 9678683
9, pcs, 40796165883388.50, 55.05, 0.00, 9784373
9, pcs, 40803550032585.21, 55.66, 0.00, 9892126
9, pcs, 40801000578507.15, 56.27, 0.00, 10001592
9, pcs, 40799202153560.95, 56.88, 0.00, 10115313
9, pcs, 40800278707814.20, 57.49, 0.00, 10225700
9, pcs, 40803458288749.98, 58.10, 0.00, 10324520
9, pcs, 40804292107349.04, 58.71, 0.00, 10434484
9, pcs, 40800129801157.22, 59.32, 0.00, 10544623
9, pcs, 40800417635116.60, 59.93, 0.00, 10649000
10, pcs, 40511933299190.17, 0.01, 0.00, 1758
10, pcs, 40681194115214.20, 0.62, 0.00, 107897
10, pcs, 40827738484877.39, 1.23, 0.00, 210790
10, pcs, 40757716065033.92, 1.84, 0.00, 319403
10, pcs, 40595245930514.40, 2.45, 0.00, 429238
10, pcs, 40674707003711.75, 3.06, 0.00, 540784
10, pcs, 40685843354257.11, 3.67, 0.00, 653068
10, pcs, 40684416217775.68, 4.27, 0.00, 762016
10, pcs, 40637598616710.71, 4.87, 0.00, 866677
10, pcs, 40640245353862.49, 5.47, 0.00, 968292
10, pcs, 40624193713164.19, 6.07, 0.00, 1072727
10, pcs, 40658926258673.55, 6.67, 0.00, 1167926
10, pcs, 40693583534649.56, 7.27, 0.00, 1267042
10, pcs, 40704679475199.76, 7.87, 0.00, 1368559
10, pcs, 40743618740482.16, 8.47, 0.00, 1478801
10, pcs, 40744720686039.54, 9.07, 0.00, 1581949
10, pcs, 40749062645295.46, 9.67, 0.00, 1685348
10, pcs, 40724445082437.14, 10.27, 0.00, 1792713
10, pcs, 40717437819829.99, 10.87, 0.00, 1897676
10, pcs, 40692357837143.82, 11.47, 0.00, 2006361
10, pcs, 40674814752627.30, 12.07, 0.00, 2109232
10, pcs, 40699999440442.33, 12.67, 0.00, 2224103
10, pcs, 40734944288812.68, 13.27, 0.00, 2336572
10, pcs, 40723156761774.11, 13.87, 0.00, 2450740
10, pcs, 40745186917125.25, 14.47, 0.00, 2553256
10, pcs, 40743396888816.10, 15.07, 0.00, 2641677
10, pcs, 40756925183551.20, 15.67, 0.00, 2728943
10, pcs, 40739351313093.60, 16.27, 0.00, 2814248
10, pcs, 40724021766484.81, 16.87, 0.00, 2899672
10, pcs, 40721380012737.08, 17.47, 0.00, 2977635
10, pcs, 40725973934144.23, 18.07, 0.00, 3056941
10, pcs, 40723833098741.98, 18.67, 0.00, 3148511
10, pcs, 40725518338508.72, 19.27, 0.00, 3242893
10, pcs, 40746218753702.69, 19.87, 0.00, 3333708
10, pcs, 40739154785486.51, 20.47, 0.00, 3439334
10, pcs, 40766461324175.87, 21.07, 0.00, 3540212
10, pcs, 40771790385413.03, 21.67, 0.00, 3640029
10, pcs, 40767988079844.37, 22.27, 0.00, 3738286
10, pcs, 40785327919676.64, 22.87, 0.00, 3844884
10, pcs, 40783821400106.33, 23.47, 0.00, 3955588
10, pcs, 40772148681556.30, 24.07, 0.00, 4063801
10, pcs, 40761260510124.55, 24.67, 0.00, 4169653
10, pcs, 40759378067443.49, 25.27, 0.00, 4283334
10, pcs, 40743492603586.53, 25.87, 0.00, 4386369
10, pcs, 40739856856856.83, 26.47, 0.00, 4492500
10, pcs, 40740069162603.10, 27.07, 0.00, 4600872
10, pcs, 40759896084279.57, 27.67, 0.00, 4704917
10, pcs, 40755034533435.04, 28.27, 0.00, 4815884
10, pcs, 40749743350230.43, 28.87, 0.00, 4935756
10, pcs, 40740375768519.52, 29.47, 0.00, 5040002
10, pcs, 40726600482797.54, 30.07, 0.00, 5147764
10, pcs, 40722235794536.98, 30.67, 0.00, 5263129
10, pcs, 40727144455016.43, 31.27, 0.00, 5370182
10, pcs, 40737115767741.30, 31.87, 0.00, 5479693
10, pcs, 40746350005748.09, 32.48, 0.00, 5599856
10, pcs, 40738441993078.18, 33.09, 0.00, 5709333
10, pcs, 40740885865062.52, 33.70, 0.00, 5828644
10, pcs, 40747398812733.31, 34.31, 0.00, 5940453
10, pcs, 40743891958404.25, 34.92, 0.00, 6050121
10, pcs, 40750725013568.27, 35.53, 0.00, 6164728
10, pcs, 40740377918732.63, 36.14, 0.00, 6276329
10, pcs, 40742938146988.91, 36.75, 0.00, 6392877
10, pcs, 40746177244484.08, 37.36, 0.00, 6515649
10, pcs, 40744008438815.87, 37.97, 0.00, 6632359
10, pcs, 40742385985902.76, 38.58, 0.00, 6746237
10, pcs, 40740639576269.63, 39.19, 0.00, 6855174
10, pcs, 40742365562421.92, 39.80, 0.00, 6965519
10, pcs, 40744281368328.44, 40.41, 0.00, 7077306
10, pcs, 40747436308834.10, 41.02, 0.00, 7190641
10, pcs, 40745237362638.43, 41.63, 0.00, 7296657
10, pcs, 40745461607638.02, 42.24, 0.00, 7403914
10, pcs, 40750663578996.28, 42.85, 0.00, 7513943
10, pcs, 40742124985077.21, 43.46, 0.00, 7631857
10, pcs, 40747415305004.08, 44.07, 0.00, 7742103
10, pcs, 40757040705975.05, 44.68, 0.00, 7852149
10, pcs, 40761174439142.80, 45.29, 0.00, 7968887
10, pcs, 40762569543736.89, 45.90, 0.00, 8075066
10, pcs, 40760065103483.12, 46.51, 0.00, 8184207
10, pcs, 40752813228816.87, 47.12, 0.00, 8290227
10, pcs, 40745420501396.43, 47.73, 0.00, 8405776
10, pcs, 40745677817785.30, 48.34, 0.00, 8523839
10, pcs, 40743701205812.01, 48.95, 0.00, 8633898
10, pcs, 40743132537260.13, 49.56, 0.00, 8743812
10, pcs, 40736215910796.22, 50.17, 0.00, 8851407
10, pcs, 40740440351567.48, 50.78, 0.00, 8951559
10, pcs, 40746295554576.00, 51.39, 0.00, 9062118
10, pcs, 40747761663819.05, 52.00, 0.00, 9161418
10, pcs, 40749800400694.74, 52.61, 0.00, 9274299
10, pcs, 40755705915562.16, 53.22, 0.00, 9380938
10, pcs, 40766718285096.49, 53.83, 0.00, 9480814
10, pcs, 40769962110154.68, 54.44, 0.00, 9585038
10, pcs, 40773671742277.58, 55.05, 0.00, 9685290
10, pcs, 40772391690084.79, 55.66, 0.00, 9791259
10, pcs, 40771200929908.32, 56.27, 0.00, 9896403
10, pcs, 40767175409577.54, 56.88, 0.00, 9999389
10, pcs, 40765600538128.89, 57.49, 0.00, 10102725
10, pcs, 40766925489541.31, 58.10, 0.00, 10203840
10, pcs, 40763927659538.37, 58.71, 0.00, 10314201
10, pcs, 40762309100935.48, 59.32, 0.00, 10424899
10, pcs, 40765310559051.64, 59.93, 0.00, 10533914
11, pcs, 40319920571644.20, 0.01, 0.00, 2467
11, pcs, 40961836683462.36, 0.62, 0.00, 103185
11, pcs, 40694593478394.00, 1.23, 0.00, 204577
11, pcs, 40521988690325.88, 1.84, 0.00, 302841
11, pcs, 40432866762684.29, 2.45, 0.00, 409490
11, pcs, 40484133079595.87, 3.06, 0.00, 514003
11, pcs, 40493473263698.86, 3.67, 0.00, 627391
11, pcs, 40571389675924.49, 4.27, 0.00, 732757
11, pcs, 40551077293573.08, 4.87, 0.00, 838983
11, pcs, 40571091911229.89, 5.47, 0.00, 947720
11, pcs, 40605705796603.94, 6.07, 0.00, 1055774
11, pcs, 40610133325831.25, 6.67, 0.00, 1154006
11, pcs, 40585838242953.37, 7.27, 0.00, 1247309
11, pcs, 40564121774841.13, 7.87, 0.00, 1336823
11, pcs, 40607627588661.01, 8.47, 0.00, 1422192
11, pcs, 40628315308716.99, 9.07, 0.00, 1507461
11, pcs, 40612011488011.59, 9.67, 0.00, 1588392
11, pcs, 40605205039808.85, 10.27, 0.00, 1674475
11, pcs, 40617001717940.30, 10.87, 0.00, 1764218
11, pcs, 40621843610271.21, 11.47, 0.00, 1851092
11, pcs, 40675566479880.36, 12.07, 0.00, 1940116
11, pcs, 40739316108437.30, 12.67, 0.00, 2035965
11, pcs, 40734849034962.78, 13.27, 0.00, 2125424
11, pcs, 40732611167487.60, 13.87, 0.00, 2231094
11, pcs, 40735768055873.42, 14.47, 0.00, 2336808
11, pcs, 40734348859043.98, 15.07, 0.00, 2440973
11, pcs, 40709489783473.24, 15.67, 0.00, 2555231
11, pcs, 40701267516080.87, 16.27, 0.00, 2663024
11, pcs, 40729404590361.97, 16.87, 0.00, 2770077
11, pcs, 40727223056011.92, 17.47, 0.00, 2871963
11, pcs, 40744231366665.90, 18.07, 0.00, 2972762
11, pcs, 40730264657770.66, 18.67, 0.00, 3077006
11, pcs, 40726674099609.78, 19.27, 0.00, 3180765
11, pcs, 40732184786743.53, 19.87, 0.00, 3299496
11, pcs, 40717503424356.53, 20.47, 0.00, 3398793
11, pcs, 40719663299669.76, 21.07, 0.00, 3514254
11, pcs, 40715437054155.80, 21.67, 0.00, 3640396
11, pcs, 40706469142917.72, 22.27, 0.00, 3751237
11, pcs, 40717305053578.61, 22.87, 0.00, 3855558
11, pcs, 40724283307104.80, 23.47, 0.00, 3966256
11, pcs, 40735963380679.71, 24.07, 0.00, 4078145
11, pcs, 40739394246886.75, 24.67, 0.00, 4186189
11, pcs, 40744242354866.76, 25.27, 0.00, 4300198
11, pcs, 40744530331642.91, 25.87, 0.00, 4422945
11, pcs, 40748683970389.44, 26.47, 0.00, 4530935
11, pcs, 40752307719438.96, 27.07, 0.00, 4645163
11, pcs, 40751896825969.53, 27.67, 0.00, 4759012
11, pcs, 40752288933454.59, 28.27, 0.00, 4873480
11, pcs, 40740282230868.21, 28.87, 0.00, 4991837
11, pcs, 40734161953435.54, 29.47, 0.00, 5097179
11, pcs, 40724082947575.48, 30.07, 0.00, 5205667
11, pcs, 40714611688938.83, 30.67, 0.00, 5321615
11, pcs, 40709937477607.66, 31.27, 0.00, 5437719
11, pcs, 40697177832308.85, 31.87, 0.00, 5558062
11, pcs, 40692792744392.58, 32.48, 0.00, 5670272
11, pcs, 40693416109000.71, 33.09, 0.00, 5776808
11, pcs, 40692308293775.36, 33.70, 0.00, 5887375
11, pcs, 40691870046939.67, 34.31, 0.00, 6000812
11, pcs, 40687877070779.01, 34.92, 0.00, 6118570
11, pcs, 40685878463529.27, 35.53, 0.00, 6222110
11, pcs, 40699826725954.14, 36.14, 0.00, 6335294
11, pcs, 40693948606449.07, 36.75, 0.00, 6454710
11, pcs, 40699894353443.26, 37.36, 0.00, 6571449
11, pcs, 40699003889597.22, 37.97, 0.00, 6678201
11, pcs, 40713785510389.70, 38.58, 0.00, 6803738
11, pcs, 40718648689423.44, 39.19, 0.00, 6908251
11, pcs, 40725297222493.11, 39.80, 0.00, 7015343
11, pcs, 40722877316920.36, 40.41, 0.00, 7118417
11, pcs, 40733787343080.58, 41.02, 0.00, 7230539
11, pcs, 40736935365071.15, 41.63, 0.00, 7347731
11, pcs, 40742858987040.11, 42.24, 0.00, 7454455
11, pcs, 40741232397826.06, 42.85, 0.00, 7559971
11, pcs, 40739656902692.08, 43.46, 0.00, 7672625
11, pcs, 40737868898515.69, 44.07, 0.00, 7789655
11, pcs, 40745236843230.96, 44.68, 0.00, 7894470
11, pcs, 40746094707986.12, 45.29, 0.00, 8010163
11, pcs, 40749755797393.84, 45.90, 0.00, 8124140
11, pcs, 40752919470610.96, 46.51, 0.00, 8227194
11, pcs, 40753224856954.25, 47.12, 0.00, 8336225
11, pcs, 40754586398057.30, 47.73, 0.00, 8457278
11, pcs, 40750107598880.59, 48.34, 0.00, 8569232
11, pcs, 40748480025913.94, 48.95, 0.00, 8678250
11, pcs, 40747408734342.62, 49.56, 0.00, 8781425
11, pcs, 40748030422918.76, 50.17, 0.00, 8882674
11, pcs, 40746538359808.36, 50.78, 0.00, 8990733
11, pcs, 40752942459036.50, 51.39, 0.00, 9107835
11, pcs, 40766717900838.67, 52.00, 0.00, 9216615
11, pcs, 40770979378348.96, 52.61, 0.00, 9332377
11, pcs, 40773452862854.31, 53.22, 0.00, 9429725
11, pcs, 40777072682490.53, 53.83, 0.00, 9542532
11, pcs, 40780323825296.79, 54.44, 0.00, 9645396
11, pcs, 40781312563480.95, 55.05, 0.00, 9751243
11, pcs, 40783491695626.92, 55.66, 0.00, 9853607
11, pcs, 40780311573840.88, 56.27, 0.00, 9963259
11, pcs, 40780781747204.23, 56.88, 0.00, 10068680
11, pcs, 40782351455091.99, 57.49, 0.00, 10177395
11, pcs, 40779323419844.74, 58.10, 0.00, 10289964
11, pcs, 40771796066438.67, 58.71, 0.00, 10384561
11, pcs, 40769478391875.15, 59.32, 0.00, 10479591
11, pcs, 40766613590928.60, 59.93, 0.00, 10575291
12, pcs, 40514887916027.19, 0.01, 0.00, 1149
12, pcs, 40626353676278.95, 0.62, 0.00, 84969
12, pcs, 40862280752688.45, 1.23, 0.00, 166951
12, pcs, 40913469312191.61, 1.84, 0.00, 250473
12, pcs, 40760197678735.71, 2.45, 0.00, 332171
12, pcs, 40795319831487.59, 3.06, 0.00, 417809
12, pcs, 40735655674361.20, 3.67, 0.00, 514199
12, pcs, 40695659070674.79, 4.27, 0.00, 604378
12, pcs, 40749287550114.96, 4.87, 0.00, 696292
12, pcs, 40709117333666.07, 5.47, 0.00, 788353
12, pcs, 40770070981538.43, 6.07, 0.00, 883340
12, pcs, 40841697750214.12, 6.67, 0.00, 985708
12, pcs, 40909042992734.77, 7.27, 0.00, 1090720
12, pcs, 40920684098870.06, 7.87, 0.00, 1192697
12, pcs, 40864049979068.80, 8.47, 0.00, 1304247
12, pcs, 40881511770077.28, 9.07, 0.00, 1411321
12, pcs, 40881590826892.80, 9.67, 0.00, 1521246
12, pcs, 40855923201546.10, 10.27, 0.00, 1624135
12, pcs, 40861042831956.68, 10.87, 0.00, 1717994
12, pcs, 40862451004324.39, 11.47, 0.00, 1823250
12, pcs, 40886191854325.13, 12.07, 0.00, 1935065
12, pcs, 40907776271644.14, 12.67, 0.00, 2053647
12, pcs, 40932852300294.73, 13.27, 0.00, 2165027
12, pcs, 40905794948090.34, 13.87, 0.00, 2273822
12, pcs, 40905917877891.80, 14.47, 0.00, 2381917
12, pcs, 40902407867898.41, 15.07, 0.00, 2491857
12, pcs, 40920357141575.28, 15.67, 0.00, 2599975
12, pcs, 40907132963088.60, 16.27, 0.00, 2699713
12, pcs, 40878103272556.28, 16.87, 0.00, 2809426
12, pcs, 40888525814597.63, 17.47, 0.00, 2926822
12, pcs, 40871251668104.79, 18.07, 0.00, 3042074
12, pcs, 40870068002407.41, 18.67, 0.00, 3147740
12, pcs, 40861234489306.30, 19.27, 0.00, 3257624
12, pcs, 40861532925737.27, 19.87, 0.00, 3373210
12, pcs, 40845446170906.04, 20.47, 0.00, 3484320
12, pcs, 40854380200551.53, 21.07, 0.00, 3593335
12, pcs, 40858129145708.71, 21.67, 0.00, 3714487
12, pcs, 40837186310791.32, 22.27, 0.00, 3834711
12, pcs, 40836870130952.57, 22.87, 0.00, 3940989
12, pcs, 40819829602398.46, 23.47, 0.00, 4045876
12, pcs, 40813808159520.01, 24.07, 0.00, 4173497
12, pcs, 40815217220786.99, 24.67, 0.00, 4277396
12, pcs, 40809781464938.65, 25.27, 0.00, 4385864
12, pcs, 40805101326193.48, 25.87, 0.00, 4488086
12, pcs, 40813174363679.06, 26.47, 0.00, 4595302
12, pcs, 40817785712866.00, 27.07, 0.00, 4699375
12, pcs, 40821833512714.18, 27.67, 0.00, 4805099
12, pcs, 40828101941876.61, 28.27, 0.00, 4910915
12, pcs, 40818497107600.92, 28.87, 0.00, 5023952
12, pcs, 40820139882897.30, 29.47, 0.00, 5126445
12, pcs, 40816802231329.94, 30.07, 0.00, 5231995
12, pcs, 40804107266761.20, 30.67, 0.00, 5341068
12, pcs, 40806304941007.36, 31.27, 0.00, 5440868
12, pcs, 40820576000443.85, 31.87, 0.00, 5546280
12, pcs, 40833849200266.38, 32.48, 0.00, 5652039
12, pcs, 40836671168225.51, 33.09, 0.00, 5764279
12, pcs, 40830988819538.05, 33.70, 0.00, 5870575
12, pcs, 40835555777774.29, 34.31, 0.00, 5976063
12, pcs, 40828673919270.32, 34.92, 0.00, 6081732
12, pcs, 40836034841082.73, 35.53, 0.00, 6183213
12, pcs, 40834619394355.87, 36.14, 0.00, 6287382
12, pcs, 40825434577838.81, 36.75, 0.00, 6395289
12, pcs, 40820156797745.84, 37.36, 0.00, 6498850
12, pcs, 40815989718138.04, 37.97, 0.00, 6605358
12, pcs, 40823595274902.64, 38.58, 0.00, 6706541
12, pcs, 40821530911984.57, 39.19, 0.00, 6816570
12, pcs, 40816963756933.63, 39.80, 0.00, 6917365
12, pcs, 40810188911651.70, 40.41, 0.00, 7026898
12, pcs, 40810636454634.89, 41.02, 0.00, 7145022
12, pcs, 40804608960324.83, 41.63, 0.00, 7249348
12, pcs, 40796311054018.34, 42.24, 0.00, 7359127
12, pcs, 40798280495708.70, 42.85, 0.00, 7460615
12, pcs, 40801125866751.55, 43.46, 0.00, 7570327
12, pcs, 40801164466255.08, 44.07, 0.00, 7672858
12, pcs, 40812640230808.36, 44.68, 0.00, 7778484
12, pcs, 40808085026921.39, 45.29, 0.00, 7891779
12, pcs, 40813150796570.75, 45.90, 0.00, 8001165
12, pcs, 40809060493031.42, 46.51, 0.00, 8123078
12, pcs, 40811118030176.66, 47.12, 0.00, 8239357
12, pcs, 40810417764239.66, 47.73, 0.00, 8342686
12, pcs, 40816876901100.00, 48.34, 0.00, 8443806
12, pcs, 40816180111938.22, 48.95, 0.00, 8550574
12, pcs, 40825023005630.38, 49.56, 0.00, 8667622
12, pcs, 40826092583806.23, 50.17, 0.00, 8786633
12, pcs, 40830933324579.39, 50.78, 0.00, 8892391
12, pcs, 40830205376534.21, 51.39, 0.00, 8999624
12, pcs, 40824570329939.51, 52.00, 0.00, 9089516
12, pcs, 40819966853770.22, 52.61, 0.00, 9183743
12, pcs, 40824855269921.74, 53.22, 0.00, 9277871
12, pcs, 40827526849206.16, 53.83, 0.00, 9360713
12, pcs, 40826813131415.69, 54.44, 0.00, 9443148
12, pcs, 40828230714711.31, 55.05, 0.00, 9524348
12, pcs, 40824818808871.74, 55.66, 0.00, 9610119
12, pcs, 40824606533412.94, 56.27, 0.00, 9705329
12, pcs, 40823654879888.55, 56.88, 0.00, 9805230
12, pcs, 40825002213567.69, 57.49, 0.00, 9905455
12, pcs, 40819923701744.67, 58.10, 0.00, 10005455
12, pcs, 40811834056903.05, 58.71, 0.00, 10116345
12, pcs, 40807713185127.86, 59.32, 0.00, 10212644
12, pcs, 40813852333160.09, 59.93, 0.00, 10328120
13, pcs, 49734622025123.12, 0.01, 0.00, 24
13, pcs, 40967306273227.55, 0.62, 0.00, 117244
13, pcs, 40792211920282.31, 1.23, 0.00, 228979
13, pcs, 40986611298865.99, 1.84, 0.00, 338170
13, pcs, 40975914778217.72, 2.45, 0.00, 452720
13, pcs, 40867046495775.63, 3.06, 0.00, 565363
13, pcs, 40708695472803.58, 3.67, 0.00, 673930
13, pcs, 40759276081468.96, 4.27, 0.00, 776811
13, pcs, 40785943340545.94, 4.87, 0.00, 884879
13, pcs, 40806817672577.96, 5.47, 0.00, 984854
13, pcs, 40813986192647.09, 6.07, 0.00, 1095366
13, pcs, 40803505208035.72, 6.67, 0.00, 1217789
13, pcs, 40810526122131.78, 7.27, 0.00, 1333831
13, pcs, 40801672158865.52, 7.87, 0.00, 1449266
13, pcs, 40781907589507.70, 8.47, 0.00, 1556555
13, pcs, 40788627281269.80, 9.07, 0.00, 1672115
13, pcs, 40799693160483.47, 9.67, 0.00, 1794897
13, pcs, 40804422869133.04, 10.27, 0.00, 1903986
13, pcs, 40815245799028.74, 10.87, 0.00, 2013802
13, pcs, 40785490745195.09, 11.47, 0.00, 2134267
13, pcs, 40784892469913.65, 12.07, 0.00, 2248623
13, pcs, 40793661911531.75, 12.67, 0.00, 2363220
13, pcs, 40771136875457.38, 13.27, 0.00, 2477630
13, pcs, 40759442359577.32, 13.87, 0.00, 2594045
13, pcs, 40742977294927.54, 14.47, 0.00, 2706479
13, pcs, 40750544251273.82, 15.07, 0.00, 2810087
13, pcs, 40760626637917.26, 15.67, 0.00, 2926020
13, pcs, 40762408918822.86, 16.27, 0.00, 3030353
13, pcs, 40753906791059.63, 16.87, 0.00, 3139871
13, pcs, 40766293676521.02, 17.47, 0.00, 3252757
13, pcs, 40773975743350.47, 18.07, 0.00, 3381283
13, pcs, 40761950137109.20, 18.67, 0.00, 3486157
13, pcs, 40763012904634.30, 19.27, 0.00, 3599847
13, pcs, 40776973839965.78, 19.87, 0.00, 3715069
13, pcs, 40782395524201.47, 20.47, 0.00, 3823219
13, pcs, 40777287675053.81, 21.07, 0.00, 3931487
13, pcs, 40770179946121.35, 21.67, 0.00, 4039668
13, pcs, 40770311642273.79, 22.27, 0.00, 4141773
13, pcs, 40761294127317.96, 22.87, 0.00, 4248627
13, pcs, 40749472394217.23, 23.47, 0.00, 4355291
13, pcs, 40742854507304.56, 24.07, 0.00, 4468820
13, pcs, 40750921324542.88, 24.67, 0.00, 4568657
13, pcs, 40767779874536.80, 25.27, 0.00, 4675880
13, pcs, 40778063839491.13, 25.87, 0.00, 4785132
13, pcs, 40788631960146.75, 26.47, 0.00, 4887808
13, pcs, 40784808296751.45, 27.07, 0.00, 4994777
13, pcs, 40779157767593.20, 27.67, 0.00, 5100414
13, pcs, 40777739788398.15, 28.27, 0.00, 5203969
13, pcs, 40782634868258.07, 28.87, 0.00, 5314612
13, pcs, 40782318270830.23, 29.47, 0.00, 5417551
13, pcs, 40786684529064.69, 30.07, 0.00, 5525106
13, pcs, 40785051389538.11, 30.67, 0.00, 5632530
13, pcs, 40791440817388.76, 31.27, 0.00, 5743896
13, pcs, 40794047859670.58, 31.87, 0.00, 5848377
13, pcs, 40791215505895.44, 32.48, 0.00, 5950722
13, pcs, 40787295238713.76, 33.09, 0.00, 6061827
13, pcs, 40784269767572.42, 33.70, 0.00, 6166467
13, pcs, 40789609857490.20, 34.31, 0.00, 6276245
13, pcs, 40789406649167.56, 34.92, 0.00, 6382736
13, pcs, 40785501206114.62, 35.53, 0.00, 6491895
13, pcs, 40795808282551.92, 36.14, 0.00, 6598902
13, pcs, 40794287255018.73, 36.75, 0.00, 6707731
13, pcs, 40788684780018.03, 37.36, 0.00, 6818411
13, pcs, 40784126048130.83, 37.97, 0.00, 6931383
13, pcs, 40775453430191.12, 38.58, 0.00, 7035060
13, pcs, 40779222837036.87, 39.19, 0.00, 7137286
13, pcs, 40769696480857.06, 39.80, 0.00, 7253565
13, pcs, 40772382699472.31, 40.41, 0.00, 7358391
13, pcs, 40777062441139.53, 41.02, 0.00, 7469688
13, pcs, 40778614608347.29, 41.63, 0.00, 7572984
13, pcs, 40784130647215.75, 42.24, 0.00, 7675409
13, pcs, 40795322393300.19, 42.85, 0.00, 7785814
13, pcs, 40795606349422.90, 43.46, 0.00, 7883533
13, pcs, 40795940191809.44, 44.07, 0.00, 7985064
13, pcs, 40796222520862.07, 44.68, 0.00, 8068951
13, pcs, 40794915987468.92, 45.29, 0.00, 8159845
13, pcs, 40801976515310.34, 45.90, 0.00, 8242968
13, pcs, 40801795800910.05, 46.51, 0.00, 8324907
13, pcs, 40802531413457.56, 47.12, 0.00, 8407204
13, pcs, 40802540128082.81, 47.73, 0.00, 8495188
13, pcs, 40799313924092.68, 48.34, 0.00, 8587373
13, pcs, 40796498094032.75, 48.95, 0.00, 8687463
13, pcs, 40795321637751.04, 49.56, 0.00, 8786609
13, pcs, 40804634018973.25, 50.17, 0.00, 8884949
13, pcs, 40796303259431.07, 50.78, 0.00, 8986778
13, pcs, 40795686791495.77, 51.39, 0.00, 9094547
13, pcs, 40806027016721.95, 52.00, 0.00, 9202637
13, pcs, 40805969099892.22, 52.61, 0.00, 9307292
13, pcs, 40807809394063.94, 53.22, 0.00, 9415273
13, pcs, 40809174331419.57, 53.83, 0.00, 9529439
13, pcs, 40807169974646.93, 54.44, 0.00, 9638836
13, pcs, 40808890445510.14, 55.05, 0.00, 9746418
13, pcs, 40802302965450.49, 55.66, 0.00, 9849815
13, pcs, 40802601665344.98, 56.27, 0.00, 9956568
13, pcs, 40806413446856.30, 56.88, 0.00, 10074251
13, pcs, 40814489790064.98, 57.49, 0.00, 10186821
13, pcs, 40812218998008.78, 58.10, 0.00, 10303420
13, pcs, 40812248545894.26, 58.71, 0.00, 10418616
13, pcs, 40812227389417.23, 59.32, 0.00, 10537783
13, pcs, 40814262257689.40, 59.93, 0.00, 10650184
