exp_rep, bfly, algo, time, iterations
1, fes, 13295883001748.00, 0.01, 1
1, fes, 106273421633953.80, 0.62, 133
1, fes, 110624895548519.62, 1.23, 288
1, fes, 106195798680355.26, 1.84, 474
1, fes, 102448316319151.01, 2.45, 696
1, fes, 101740958745582.88, 3.06, 954
1, fes, 98048798718132.97, 3.67, 1257
1, fes, 96103496068613.21, 4.27, 1581
1, fes, 97422556081036.70, 4.87, 1920
1, fes, 99758457427763.53, 5.47, 2265
1, fes, 100379381231111.10, 6.07, 2618
1, fes, 98378213942063.91, 6.68, 2986
1, fes, 99409698409865.57, 7.28, 3355
1, fes, 102558994014657.25, 7.88, 3731
1, fes, 102704498977587.89, 8.48, 4108
1, fes, 104516626072548.81, 9.08, 4486
1, fes, 105237575243582.53, 9.68, 4872
1, fes, 104700294900286.92, 10.28, 5263
1, fes, 103759110639810.16, 10.88, 5656
1, fes, 104409757510442.85, 11.48, 6056
1, fes, 104007771551329.63, 12.08, 6462
1, fes, 103452013454975.43, 12.68, 6883
1, fes, 103610805041011.48, 13.28, 7315
1, fes, 104114532492233.65, 13.88, 7754
1, fes, 103869769779499.10, 14.48, 8198
1, fes, 103499464877305.54, 15.08, 8660
1, fes, 103600694107807.04, 15.68, 9129
1, fes, 103382317620654.67, 16.28, 9583
1, fes, 103517739734580.93, 16.88, 10042
1, fes, 103945280122899.18, 17.48, 10501
1, fes, 103378213686381.98, 18.08, 10971
1, fes, 102641615711895.30, 18.68, 11419
1, fes, 102441433299628.60, 19.28, 11863
1, fes, 102371905938891.98, 19.88, 12298
1, fes, 102211348203311.62, 20.48, 12728
1, fes, 102230498199685.19, 21.08, 13150
1, fes, 102229347432985.79, 21.68, 13572
1, fes, 101921388914456.94, 22.28, 13981
1, fes, 101915287731184.76, 22.88, 14346
1, fes, 101611093514453.63, 23.48, 14696
1, fes, 101821061553422.81, 24.08, 15027
1, fes, 102212801227183.85, 24.68, 15347
1, fes, 102182288213199.67, 25.28, 15650
1, fes, 102163684053030.09, 25.88, 15941
1, fes, 102208967688286.59, 26.48, 16223
1, fes, 102232548940683.81, 27.08, 16498
1, fes, 101990604498496.37, 27.68, 16789
1, fes, 102003875475800.06, 28.28, 17179
1, fes, 101745780786407.39, 28.88, 17576
1, fes, 101560220480278.11, 29.48, 17977
1, fes, 101857226130651.84, 30.08, 18378
1, fes, 101860050500021.02, 30.68, 18785
1, fes, 102043062979618.46, 31.28, 19190
1, fes, 102128388256693.53, 31.88, 19590
1, fes, 102365504227000.25, 32.49, 19998
1, fes, 102491520533572.97, 33.10, 20409
1, fes, 102396789158298.65, 33.71, 20823
1, fes, 102432043099646.58, 34.32, 21229
1, fes, 102437322020952.58, 34.93, 21640
1, fes, 102480979452695.08, 35.54, 22053
1, fes, 102566978216300.74, 36.15, 22466
1, fes, 102807090029389.67, 36.76, 22889
1, fes, 102728267134928.11, 37.37, 23331
1, fes, 102760838155782.77, 37.98, 23785
1, fes, 102734008696385.21, 38.59, 24233
1, fes, 102246495417408.24, 39.20, 24690
1, fes, 102071733150567.04, 39.81, 25155
1, fes, 101848695638438.01, 40.42, 25622
1, fes, 101851519764434.99, 41.03, 26099
1, fes, 102034458387145.43, 41.64, 26571
1, fes, 101969081696601.66, 42.25, 27040
1, fes, 101886784864537.26, 42.86, 27517
1, fes, 102082921311008.86, 43.47, 27997
1, fes, 101983069918045.54, 44.08, 28468
1, fes, 101958028933018.26, 44.69, 28934
1, fes, 101919217339128.46, 45.30, 29394
1, fes, 101611962926005.65, 45.91, 29846
1, fes, 101723756779954.39, 46.52, 30285
1, fes, 101866677290817.21, 47.13, 30728
1, fes, 101741151737009.00, 47.74, 31166
1, fes, 101596596437880.70, 48.35, 31601
1, fes, 101597673385908.81, 48.96, 32035
1, fes, 101426350127151.75, 49.57, 32465
1, fes, 101416055224214.02, 50.18, 32893
1, fes, 101365817165491.29, 50.79, 33321
1, fes, 101316426156709.26, 51.40, 33742
1, fes, 101305178321267.71, 52.01, 34168
1, fes, 101458897176236.81, 52.62, 34590
1, fes, 101542070083567.02, 53.23, 35008
1, fes, 101523818595273.69, 53.84, 35432
1, fes, 101582983760803.46, 54.45, 35850
1, fes, 101601041106649.07, 55.06, 36269
1, fes, 101709606010306.81, 55.67, 36697
1, fes, 101830770077749.12, 56.28, 37116
1, fes, 101882318494813.97, 56.89, 37535
1, fes, 101868536621377.71, 57.50, 37953
1, fes, 101925728493141.44, 58.11, 38377
1, fes, 101804893289692.32, 58.72, 38795
1, fes, 101624197434232.62, 59.33, 39218
1, fes, 101743490923081.57, 59.94, 39644
2, fes, 42982054954540.90, 0.01, 4
2, fes, 88759664289419.33, 0.62, 214
2, fes, 91479450085194.94, 1.23, 466
2, fes, 93831163248341.40, 1.84, 760
2, fes, 97468474654072.70, 2.45, 1098
2, fes, 98874177200734.07, 3.06, 1464
2, fes, 97014592127669.23, 3.67, 1855
2, fes, 96608672214153.09, 4.27, 2241
2, fes, 99055315008322.08, 4.87, 2644
2, fes, 99263767181174.50, 5.47, 3043
2, fes, 98612409663098.30, 6.07, 3452
2, fes, 98711173349182.60, 6.67, 3881
2, fes, 99052594730876.85, 7.27, 4294
2, fes, 100666750852012.28, 7.87, 4710
2, fes, 101569782477845.03, 8.47, 5132
2, fes, 101575046223918.98, 9.07, 5556
2, fes, 101669367797265.77, 9.67, 5968
2, fes, 101784578574338.65, 10.27, 6388
2, fes, 100897192968645.58, 10.87, 6800
2, fes, 100899204746693.72, 11.47, 7216
2, fes, 101529640749592.40, 12.07, 7626
2, fes, 102000478033516.04, 12.67, 8037
2, fes, 102155141788822.09, 13.27, 8447
2, fes, 102268487769197.90, 13.87, 8853
2, fes, 102461641113904.19, 14.47, 9248
2, fes, 102596397249403.57, 15.07, 9639
2, fes, 102450024909976.25, 15.67, 10033
2, fes, 102554518120927.22, 16.27, 10419
2, fes, 102507003286086.70, 16.87, 10814
2, fes, 102658898819364.64, 17.47, 11201
2, fes, 102333585852385.52, 18.07, 11594
2, fes, 102215315818725.28, 18.67, 11998
2, fes, 102913992856103.54, 19.27, 12398
2, fes, 103271501702641.35, 19.87, 12796
2, fes, 103182242106606.72, 20.47, 13198
2, fes, 102827830601367.40, 21.07, 13602
2, fes, 102633406316600.81, 21.67, 14024
2, fes, 102444970337444.09, 22.27, 14447
2, fes, 102303152484513.55, 22.87, 14888
2, fes, 102359299391751.32, 23.47, 15334
2, fes, 101960906386947.62, 24.07, 15792
2, fes, 101656160744755.83, 24.67, 16243
2, fes, 101709477225288.17, 25.27, 16702
2, fes, 101630020875933.08, 25.87, 17169
2, fes, 101562666781128.17, 26.47, 17637
2, fes, 101713854704639.71, 27.07, 18107
2, fes, 101647009192573.70, 27.67, 18578
2, fes, 101725751200207.76, 28.27, 19047
2, fes, 101617541367314.99, 28.87, 19506
2, fes, 101798815841480.20, 29.47, 19956
2, fes, 101846242204164.20, 30.07, 20399
2, fes, 101712167708393.55, 30.67, 20838
2, fes, 102069524604407.55, 31.27, 21273
2, fes, 101993118409310.99, 31.87, 21702
2, fes, 101852622312765.49, 32.48, 22135
2, fes, 101833218114278.20, 33.09, 22563
2, fes, 102233846102742.50, 33.70, 22995
2, fes, 102348282321098.01, 34.31, 23422
2, fes, 102266009197823.94, 34.92, 23855
2, fes, 102298030794095.09, 35.53, 24276
2, fes, 102238730838701.41, 36.14, 24704
2, fes, 102173628064375.73, 36.75, 25129
2, fes, 102391244047787.88, 37.36, 25557
2, fes, 102422629841841.87, 37.97, 25980
2, fes, 102424995087624.00, 38.58, 26396
2, fes, 102138477059170.85, 39.19, 26819
2, fes, 102037312316539.02, 39.81, 27248
2, fes, 102032814021107.24, 40.42, 27670
2, fes, 102197688250966.84, 41.03, 28087
2, fes, 102158154030171.88, 41.64, 28512
2, fes, 101909027941268.73, 42.25, 28931
2, fes, 101969361239370.89, 42.86, 29345
2, fes, 101892518240836.85, 43.47, 29761
2, fes, 101798785597374.90, 44.08, 30180
2, fes, 101762056116536.00, 44.69, 30595
2, fes, 101647458604878.72, 45.30, 31011
2, fes, 101489408449340.01, 45.91, 31429
2, fes, 101452668665001.34, 46.52, 31842
2, fes, 101550156264835.17, 47.13, 32254
2, fes, 101512141558350.84, 47.74, 32674
2, fes, 101556988010107.60, 48.35, 33106
2, fes, 101368462639470.92, 48.96, 33548
2, fes, 101392988549109.60, 49.57, 33993
2, fes, 101281398206455.23, 50.18, 34446
2, fes, 101161598613155.69, 50.79, 34909
2, fes, 101132621610432.36, 51.40, 35373
2, fes, 101001384010144.76, 52.01, 35842
2, fes, 100931287656445.41, 52.62, 36312
2, fes, 100809105588787.69, 53.23, 36785
2, fes, 100797041377899.80, 53.84, 37259
2, fes, 100634468870449.96, 54.45, 37742
2, fes, 100625319501437.08, 55.06, 38217
2, fes, 100640049290119.26, 55.67, 38701
2, fes, 100563674892182.26, 56.28, 39175
2, fes, 100517032414169.57, 56.89, 39633
2, fes, 100539534189670.80, 57.50, 40084
2, fes, 100487992927371.87, 58.11, 40537
2, fes, 100616291248976.06, 58.72, 40983
2, fes, 100621232258469.67, 59.33, 41418
2, fes, 100607758551303.26, 59.94, 41853
3, fes, 181402510959964.73, 0.01, 5
3, fes, 104521476730314.62, 0.62, 439
3, fes, 106507176169306.45, 1.23, 873
3, fes, 113135468694560.09, 1.84, 1305
3, fes, 109666559296788.04, 2.45, 1733
3, fes, 105199407486768.46, 3.06, 2155
3, fes, 103042565809331.14, 3.67, 2576
3, fes, 102703736018418.61, 4.27, 2995
3, fes, 100543632798324.25, 4.87, 3406
3, fes, 102802235179906.94, 5.47, 3820
3, fes, 102437535844609.68, 6.07, 4232
3, fes, 101418360104924.50, 6.67, 4650
3, fes, 100851395735505.35, 7.27, 5060
3, fes, 100322949138443.81, 7.87, 5476
3, fes, 100500826144391.46, 8.47, 5892
3, fes, 100520179150790.64, 9.07, 6298
3, fes, 100328454832702.61, 9.67, 6708
3, fes, 100929910984935.74, 10.27, 7125
3, fes, 101591020891654.61, 10.87, 7535
3, fes, 101717526304811.34, 11.47, 7944
3, fes, 101475106441394.41, 12.07, 8361
3, fes, 101368255900553.83, 12.67, 8774
3, fes, 101688704190540.31, 13.27, 9187
3, fes, 101432814312972.09, 13.87, 9597
3, fes, 101940156716360.70, 14.47, 10007
3, fes, 102182679162285.35, 15.07, 10428
3, fes, 101612302357166.97, 15.67, 10836
3, fes, 101573764059373.85, 16.27, 11250
3, fes, 101738361976928.94, 16.87, 11667
3, fes, 102095239062733.22, 17.47, 12066
3, fes, 102106258140686.53, 18.07, 12465
3, fes, 102295970461600.55, 18.67, 12854
3, fes, 102042711891498.46, 19.27, 13246
3, fes, 102124609084283.08, 19.87, 13633
3, fes, 101761454464652.95, 20.47, 14026
3, fes, 101697485967679.65, 21.07, 14413
3, fes, 101855019716574.04, 21.67, 14802
3, fes, 101519669002404.51, 22.27, 15199
3, fes, 101254536264906.56, 22.87, 15594
3, fes, 101557184683411.41, 23.47, 15995
3, fes, 101699188452218.97, 24.07, 16404
3, fes, 101955943365800.27, 24.67, 16804
3, fes, 101929464587166.68, 25.27, 17219
3, fes, 102413076013923.42, 25.87, 17630
3, fes, 102642043624627.27, 26.47, 18065
3, fes, 102510023970313.18, 27.07, 18498
3, fes, 102464509063827.67, 27.67, 18955
3, fes, 102334566637725.39, 28.27, 19408
3, fes, 102232930942249.42, 28.87, 19866
3, fes, 102778410339985.43, 29.47, 20325
3, fes, 102861315512515.56, 30.07, 20789
3, fes, 102863566523653.48, 30.67, 21258
3, fes, 102800855650276.29, 31.27, 21724
3, fes, 102672050454926.84, 31.87, 22203
3, fes, 102654259146224.88, 32.48, 22682
3, fes, 102428990559809.68, 33.09, 23147
3, fes, 102553443776215.15, 33.70, 23601
3, fes, 102524012533951.27, 34.31, 24054
3, fes, 102353324612542.84, 34.92, 24502
3, fes, 102346576761755.35, 35.53, 24941
3, fes, 102402275383642.77, 36.14, 25377
3, fes, 102342677608648.92, 36.75, 25811
3, fes, 102314008103344.69, 37.36, 26246
3, fes, 102319942860112.59, 37.97, 26684
3, fes, 102262997065939.51, 38.58, 27107
3, fes, 102157396448019.43, 39.19, 27530
3, fes, 102147461282183.90, 39.80, 27958
3, fes, 102089747783920.53, 40.41, 28384
3, fes, 101948930889141.10, 41.02, 28807
3, fes, 101862811073614.57, 41.63, 29230
3, fes, 101919064492026.52, 42.24, 29652
3, fes, 101979928617871.76, 42.85, 30075
3, fes, 101969331843240.60, 43.46, 30497
3, fes, 101855123754198.36, 44.07, 30921
3, fes, 101728118394934.41, 44.68, 31346
3, fes, 101617118870883.76, 45.29, 31766
3, fes, 101545916231066.09, 45.90, 32181
3, fes, 101486899722735.52, 46.51, 32598
3, fes, 101559475636003.06, 47.12, 33020
3, fes, 101374161470748.33, 47.73, 33441
3, fes, 101211784657733.97, 48.34, 33858
3, fes, 101034345940367.93, 48.95, 34272
3, fes, 101090194447042.75, 49.56, 34693
3, fes, 101273093435190.32, 50.17, 35113
3, fes, 101310968818344.68, 50.78, 35525
3, fes, 101276753174804.63, 51.39, 35947
3, fes, 101329554811780.77, 52.00, 36361
3, fes, 101260562982415.49, 52.61, 36796
3, fes, 101190290030130.16, 53.22, 37243
3, fes, 101314888460061.75, 53.83, 37702
3, fes, 101316774421360.89, 54.44, 38152
3, fes, 101397768137231.59, 55.05, 38612
3, fes, 101353230847804.49, 55.66, 39079
3, fes, 101224597978591.44, 56.27, 39552
3, fes, 101306970248738.43, 56.88, 40018
3, fes, 101364591846988.66, 57.49, 40504
3, fes, 101478893602045.84, 58.10, 40981
3, fes, 101457220832665.64, 58.71, 41458
3, fes, 101414923713620.35, 59.32, 41936
3, fes, 101341731786870.22, 59.93, 42414
4, fes, 381956545015001.35, 0.01, 4
4, fes, 95355980576313.40, 0.62, 470
4, fes, 100012581536820.92, 1.23, 923
4, fes, 106120755518602.44, 1.84, 1375
4, fes, 105062180669821.66, 2.45, 1817
4, fes, 103202927251709.97, 3.06, 2261
4, fes, 103465566174337.37, 3.67, 2693
4, fes, 101620129590705.27, 4.27, 3123
4, fes, 101605462644035.16, 4.87, 3545
4, fes, 101994664520806.47, 5.47, 3974
4, fes, 101638446625503.81, 6.07, 4391
4, fes, 100732548884618.99, 6.67, 4813
4, fes, 100444464910489.87, 7.27, 5230
4, fes, 100484326976954.75, 7.87, 5649
4, fes, 100632965183836.63, 8.47, 6066
4, fes, 100269072949090.49, 9.07, 6480
4, fes, 99757080232313.67, 9.67, 6899
4, fes, 99497223705828.08, 10.27, 7311
4, fes, 98937220484083.86, 10.87, 7730
4, fes, 99006445238170.06, 11.47, 8145
4, fes, 99054458939926.80, 12.07, 8563
4, fes, 99362433022943.67, 12.67, 8971
4, fes, 99903082037652.93, 13.27, 9388
4, fes, 100391496732529.99, 13.87, 9798
4, fes, 100558519663722.24, 14.47, 10214
4, fes, 100701095503663.88, 15.07, 10629
4, fes, 101179342569756.46, 15.67, 11043
4, fes, 101013768419642.34, 16.27, 11452
4, fes, 101578813844154.05, 16.87, 11864
4, fes, 100884522778660.87, 17.47, 12279
4, fes, 101041175061459.90, 18.07, 12694
4, fes, 101609216336214.69, 18.67, 13106
4, fes, 101901617105109.42, 19.27, 13524
4, fes, 101705427960624.84, 19.87, 13934
4, fes, 101426022406421.38, 20.47, 14340
4, fes, 101204497071457.86, 21.07, 14754
4, fes, 101058767618829.17, 21.67, 15167
4, fes, 101316408817921.76, 22.27, 15558
4, fes, 101382511092968.21, 22.87, 15951
4, fes, 101481340328196.93, 23.47, 16336
4, fes, 101824827157644.78, 24.07, 16721
4, fes, 101535946461885.23, 24.67, 17118
4, fes, 101676927436283.00, 25.27, 17506
4, fes, 101377686436624.90, 25.87, 17899
4, fes, 101379450347055.23, 26.47, 18296
4, fes, 101588151546995.76, 27.07, 18697
4, fes, 101946547550561.85, 27.67, 19091
4, fes, 101974924915600.26, 28.27, 19492
4, fes, 101576904939589.77, 28.87, 19896
4, fes, 101825644048343.80, 29.47, 20304
4, fes, 101923115020427.00, 30.07, 20722
4, fes, 101938605037106.58, 30.67, 21159
4, fes, 102192749818532.89, 31.27, 21602
4, fes, 102325915909981.96, 31.87, 22054
4, fes, 102516969439614.75, 32.48, 22518
4, fes, 102280340173115.72, 33.09, 22986
4, fes, 102210617324099.66, 33.70, 23455
4, fes, 102040440369102.42, 34.31, 23928
4, fes, 102148043097725.33, 34.92, 24407
4, fes, 101967717056091.67, 35.53, 24882
4, fes, 102067980295385.94, 36.14, 25363
4, fes, 102087515287859.30, 36.75, 25838
4, fes, 102118263714879.94, 37.36, 26300
4, fes, 102034206737421.84, 37.97, 26749
4, fes, 101753690954349.22, 38.58, 27194
4, fes, 101591454656570.83, 39.19, 27638
4, fes, 101784246194297.72, 39.80, 28080
4, fes, 101588044688504.61, 40.41, 28514
4, fes, 101704967911373.73, 41.02, 28942
4, fes, 101749066654068.54, 41.63, 29372
4, fes, 101454101932966.42, 42.24, 29800
4, fes, 101698596623249.02, 42.85, 30228
4, fes, 101655876768813.16, 43.46, 30654
4, fes, 101556741250338.91, 44.07, 31094
4, fes, 101667273661272.64, 44.68, 31521
4, fes, 101823549963109.34, 45.29, 31948
4, fes, 101696979949494.05, 45.90, 32379
4, fes, 101730355833022.40, 46.51, 32797
4, fes, 101710118561386.06, 47.12, 33224
4, fes, 101535476610167.55, 47.73, 33649
4, fes, 101587551048801.83, 48.34, 34068
4, fes, 101555468215112.43, 48.95, 34484
4, fes, 101445984576500.96, 49.56, 34906
4, fes, 101535695431731.84, 50.17, 35323
4, fes, 101488235382774.05, 50.78, 35740
4, fes, 101579923254147.97, 51.39, 36157
4, fes, 101695879920996.66, 52.00, 36572
4, fes, 101746642201657.99, 52.61, 36991
4, fes, 101650669069746.56, 53.22, 37406
4, fes, 101693717543498.96, 53.83, 37822
4, fes, 101742480138304.49, 54.44, 38232
4, fes, 101408428579191.97, 55.05, 38656
4, fes, 101338659401926.70, 55.66, 39077
4, fes, 101291816950003.82, 56.27, 39498
4, fes, 101351415322468.83, 56.88, 39940
4, fes, 101392356617322.42, 57.49, 40387
4, fes, 101387277798570.28, 58.10, 40836
4, fes, 101265706895938.20, 58.71, 41296
4, fes, 101159457135771.72, 59.32, 41758
4, fes, 101141055074351.95, 59.93, 42223
5, fes, 119273307251094.91, 0.01, 4
5, fes, 106868573056082.11, 0.62, 470
5, fes, 103602165994154.88, 1.23, 941
5, fes, 106316529161732.96, 1.84, 1416
5, fes, 104575159296514.23, 2.45, 1892
5, fes, 107140094795048.01, 3.06, 2373
5, fes, 106002185182443.13, 3.67, 2848
5, fes, 104842363730100.00, 4.27, 3313
5, fes, 103574688428343.83, 4.87, 3766
5, fes, 102673752465347.40, 5.47, 4211
5, fes, 102171129786466.25, 6.07, 4654
5, fes, 101788433792970.17, 6.67, 5092
5, fes, 101461971226128.28, 7.27, 5526
5, fes, 101298174311613.45, 7.87, 5952
5, fes, 101380916989460.05, 8.47, 6383
5, fes, 101315118016976.40, 9.07, 6806
5, fes, 101764451966119.27, 9.67, 7226
5, fes, 101388162207367.47, 10.27, 7643
5, fes, 102402948850470.56, 10.87, 8066
5, fes, 102493115451954.32, 11.47, 8488
5, fes, 101997178815510.21, 12.07, 8902
5, fes, 101671397939876.03, 12.67, 9319
5, fes, 101450823138880.79, 13.27, 9726
5, fes, 101655052834005.36, 13.87, 10135
5, fes, 102428365779021.80, 14.47, 10547
5, fes, 102644630698442.67, 15.07, 10965
5, fes, 102753082171321.23, 15.67, 11374
5, fes, 102488374785967.64, 16.27, 11788
5, fes, 102582143500057.14, 16.88, 12202
5, fes, 102776111237636.64, 17.48, 12618
5, fes, 103135341051434.14, 18.08, 13032
5, fes, 103320415152617.79, 18.68, 13442
5, fes, 103116235532590.76, 19.28, 13851
5, fes, 102854829900777.74, 19.88, 14267
5, fes, 102881588360343.29, 20.48, 14683
5, fes, 102879640313981.51, 21.08, 15095
5, fes, 102906479172037.00, 21.68, 15509
5, fes, 102913482707872.56, 22.28, 15917
5, fes, 102897977776163.13, 22.88, 16335
5, fes, 102984799864272.22, 23.48, 16754
5, fes, 103224941282012.82, 24.08, 17163
5, fes, 103204135489951.89, 24.68, 17574
5, fes, 103195874482139.85, 25.28, 17984
5, fes, 103227349555037.90, 25.88, 18387
5, fes, 103185710955337.87, 26.48, 18782
5, fes, 103229410448879.63, 27.08, 19185
5, fes, 103422851867820.76, 27.68, 19569
5, fes, 103743421581938.01, 28.28, 19955
5, fes, 103999152934419.97, 28.88, 20345
5, fes, 104000672866178.61, 29.48, 20743
5, fes, 103861620164333.02, 30.08, 21141
5, fes, 103687907289017.47, 30.68, 21536
5, fes, 103390422313063.01, 31.28, 21923
5, fes, 103161001915335.04, 31.88, 22333
5, fes, 103178372506281.79, 32.49, 22734
5, fes, 103223177114794.30, 33.10, 23148
5, fes, 103212762708908.94, 33.71, 23568
5, fes, 102946174772148.38, 34.32, 23994
5, fes, 103084233352888.82, 34.93, 24438
5, fes, 102842970351896.14, 35.54, 24896
5, fes, 102701338478999.52, 36.15, 25350
5, fes, 102845663483365.52, 36.76, 25816
5, fes, 102892025427517.60, 37.37, 26284
5, fes, 103020118826181.25, 37.98, 26759
5, fes, 103137026986625.84, 38.59, 27230
5, fes, 103073148236138.26, 39.20, 27708
5, fes, 102956350687630.84, 39.81, 28189
5, fes, 102871996700862.18, 40.42, 28667
5, fes, 102744713619728.41, 41.03, 29132
5, fes, 102687236373507.57, 41.64, 29589
5, fes, 102782011904607.52, 42.25, 30034
5, fes, 102686276999429.85, 42.86, 30485
5, fes, 102587537534947.47, 43.47, 30925
5, fes, 102642686447422.92, 44.08, 31362
5, fes, 102604700588979.18, 44.69, 31788
5, fes, 102710501432409.46, 45.30, 32222
5, fes, 102716016309906.29, 45.91, 32649
5, fes, 102802458676400.80, 46.52, 33077
5, fes, 102793384233287.30, 47.13, 33499
5, fes, 102828644549644.39, 47.74, 33927
5, fes, 102908850567417.86, 48.35, 34349
5, fes, 102923295838947.19, 48.96, 34778
5, fes, 102925908570899.99, 49.57, 35194
5, fes, 102848000273089.01, 50.18, 35617
5, fes, 102713501954563.32, 50.79, 36039
5, fes, 102734714737453.54, 51.40, 36465
5, fes, 103018617358328.76, 52.01, 36888
5, fes, 103031807354465.93, 52.62, 37304
5, fes, 102963841871723.79, 53.23, 37724
5, fes, 103025691971891.56, 53.84, 38149
5, fes, 103098040135363.99, 54.45, 38584
5, fes, 103045265775930.66, 55.06, 39004
5, fes, 102919770062418.46, 55.67, 39430
5, fes, 102886193115161.46, 56.28, 39848
5, fes, 103050700428903.99, 56.89, 40266
5, fes, 102983177061588.43, 57.50, 40684
5, fes, 102953721945461.36, 58.11, 41103
5, fes, 103066418474359.39, 58.72, 41523
5, fes, 103007490910812.11, 59.33, 41940
5, fes, 102861735918027.16, 59.94, 42358
6, fes, 187968970743370.61, 0.01, 2
6, fes, 102964876874530.28, 0.62, 438
6, fes, 106019682773870.18, 1.23, 879
6, fes, 103554776642443.38, 1.84, 1331
6, fes, 101272120816899.06, 2.45, 1793
6, fes, 98707701774424.33, 3.06, 2257
6, fes, 99993845978445.81, 3.67, 2720
6, fes, 100790475111537.20, 4.27, 3185
6, fes, 100204183341744.52, 4.87, 3644
6, fes, 99206640861257.15, 5.47, 4132
6, fes, 99155286323684.98, 6.07, 4601
6, fes, 100162721515354.52, 6.67, 5074
6, fes, 99047160938535.14, 7.27, 5550
6, fes, 99377281299797.71, 7.87, 6013
6, fes, 99302140908962.03, 8.47, 6477
6, fes, 100345027611670.95, 9.07, 6929
6, fes, 100464011285736.48, 9.67, 7367
6, fes, 100715416108281.63, 10.27, 7810
6, fes, 100893898461955.60, 10.87, 8251
6, fes, 100616874241843.54, 11.47, 8682
6, fes, 100477060752652.40, 12.07, 9114
6, fes, 100388394858435.46, 12.67, 9535
6, fes, 100921407561103.81, 13.27, 9959
6, fes, 100758614495447.55, 13.87, 10377
6, fes, 100706173765503.07, 14.47, 10799
6, fes, 100619491762197.59, 15.07, 11227
6, fes, 100179386621657.58, 15.67, 11649
6, fes, 99845332718658.65, 16.27, 12068
6, fes, 99898348126357.14, 16.87, 12482
6, fes, 99375331854505.84, 17.47, 12898
6, fes, 99463910890426.18, 18.07, 13310
6, fes, 99929775133509.66, 18.67, 13725
6, fes, 100182366117075.37, 19.27, 14136
6, fes, 100026754900643.87, 19.87, 14551
6, fes, 99801031198916.58, 20.47, 14971
6, fes, 99665907196652.50, 21.07, 15380
6, fes, 99575428145464.61, 21.67, 15796
6, fes, 99689378996107.89, 22.27, 16211
6, fes, 99636146352420.98, 22.87, 16625
6, fes, 100095842964553.11, 23.47, 17037
6, fes, 100177018169016.04, 24.07, 17453
6, fes, 100053533063197.72, 24.67, 17869
6, fes, 99900210145138.71, 25.27, 18281
6, fes, 99823857907883.95, 25.87, 18695
6, fes, 99982666352310.84, 26.47, 19111
6, fes, 99787070481165.97, 27.07, 19526
6, fes, 99651185074440.91, 27.67, 19930
6, fes, 99807085149905.68, 28.27, 20341
6, fes, 99500188546266.25, 28.87, 20752
6, fes, 99749728000310.98, 29.47, 21168
6, fes, 100109876397257.75, 30.07, 21565
6, fes, 100055045349475.42, 30.67, 21958
6, fes, 100143975140109.01, 31.27, 22345
6, fes, 100168034447015.76, 31.87, 22740
6, fes, 100219665392612.53, 32.48, 23142
6, fes, 100218744754365.70, 33.09, 23541
6, fes, 100231303143727.68, 33.70, 23941
6, fes, 100404127979789.07, 34.31, 24343
6, fes, 100225680744611.39, 34.92, 24744
6, fes, 100209289237487.03, 35.53, 25153
6, fes, 100169177075403.40, 36.14, 25556
6, fes, 100236131620590.81, 36.75, 25964
6, fes, 100379139902881.52, 37.36, 26387
6, fes, 100408524625560.33, 37.97, 26810
6, fes, 100272012079411.90, 38.58, 27242
6, fes, 100295941128403.27, 39.19, 27689
6, fes, 100327196871407.94, 39.80, 28148
6, fes, 100271602532821.57, 40.41, 28608
6, fes, 100284505068184.95, 41.02, 29083
6, fes, 100289276160090.20, 41.63, 29546
6, fes, 100513951874389.19, 42.24, 30021
6, fes, 100371031710251.30, 42.85, 30493
6, fes, 100380944383524.87, 43.46, 30983
6, fes, 100735420590904.06, 44.07, 31461
6, fes, 100531317530490.86, 44.68, 31943
6, fes, 100530227567676.48, 45.29, 32396
6, fes, 100541382400724.18, 45.90, 32847
6, fes, 100255897030880.64, 46.51, 33296
6, fes, 100284332047164.08, 47.12, 33737
6, fes, 100211293789861.21, 47.73, 34175
6, fes, 100125685270102.97, 48.34, 34616
6, fes, 100328510692672.55, 48.96, 35049
6, fes, 100398835113348.67, 49.57, 35486
6, fes, 100281292264490.86, 50.18, 35911
6, fes, 100446395843821.76, 50.79, 36337
6, fes, 100366087807115.36, 51.40, 36767
6, fes, 100302053354519.59, 52.01, 37190
6, fes, 100219374023242.50, 52.62, 37614
6, fes, 100210411449657.40, 53.23, 38039
6, fes, 100277539659267.36, 53.85, 38466
6, fes, 100267740411760.16, 54.46, 38896
6, fes, 100323039086281.20, 55.07, 39316
6, fes, 100443197235346.71, 55.68, 39732
6, fes, 100516477488292.24, 56.29, 40152
6, fes, 100490190416609.62, 56.90, 40572
6, fes, 100549576184894.27, 57.51, 40987
6, fes, 100519517706797.95, 58.12, 41407
6, fes, 100502499950777.82, 58.73, 41821
6, fes, 100500830049874.98, 59.34, 42241
6, fes, 100403179369563.86, 59.95, 42657
7, fes, 54513816625429.91, 0.01, 4
7, fes, 96354368886196.50, 0.62, 425
7, fes, 102014335636620.29, 1.23, 847
7, fes, 98708815956410.38, 1.84, 1263
7, fes, 97621352024574.55, 2.45, 1678
7, fes, 98402701520469.31, 3.06, 2093
7, fes, 100721603478736.91, 3.67, 2510
7, fes, 100674026086771.50, 4.27, 2937
7, fes, 102799728131543.08, 4.87, 3364
7, fes, 102247139432085.88, 5.47, 3802
7, fes, 101103818902529.71, 6.07, 4250
7, fes, 100315308816907.97, 6.67, 4697
7, fes, 99844248748464.20, 7.27, 5149
7, fes, 99017627572729.16, 7.87, 5610
7, fes, 99601891468547.77, 8.47, 6072
7, fes, 100238216617288.50, 9.07, 6534
7, fes, 100205649406082.82, 9.67, 7004
7, fes, 100774972205441.12, 10.27, 7470
7, fes, 101320084589880.62, 10.87, 7942
7, fes, 102042523515296.94, 11.47, 8410
7, fes, 102112336528599.93, 12.07, 8877
7, fes, 101534094737473.26, 12.67, 9338
7, fes, 100909687186275.12, 13.27, 9790
7, fes, 101044081426035.09, 13.87, 10235
7, fes, 100476170667392.55, 14.47, 10673
7, fes, 100675635421838.28, 15.07, 11108
7, fes, 100640585463222.60, 15.67, 11537
7, fes, 100487231877074.08, 16.27, 11963
7, fes, 100953014886837.40, 16.87, 12387
7, fes, 100732924111215.75, 17.47, 12812
7, fes, 100863441752017.82, 18.07, 13233
7, fes, 100924526867630.47, 18.67, 13653
7, fes, 101107930326700.70, 19.27, 14065
7, fes, 100896779971850.15, 19.87, 14481
7, fes, 100771098172101.64, 20.47, 14896
7, fes, 100276016783156.43, 21.07, 15307
7, fes, 100460320114198.23, 21.67, 15724
7, fes, 100339743064596.11, 22.27, 16139
7, fes, 100446734027241.25, 22.87, 16547
7, fes, 100683131740890.16, 23.47, 16960
7, fes, 100831202657758.48, 24.07, 17370
7, fes, 100518750996481.69, 24.67, 17783
7, fes, 100335892132109.70, 25.27, 18193
7, fes, 100484833288146.66, 25.87, 18609
7, fes, 100273089551213.61, 26.47, 19022
7, fes, 100461896864745.05, 27.08, 19436
7, fes, 100252503033344.18, 27.68, 19855
7, fes, 100760230350819.05, 28.28, 20267
7, fes, 100957377447740.97, 28.88, 20677
7, fes, 100785883066308.84, 29.48, 21092
7, fes, 100757013064039.27, 30.08, 21503
7, fes, 100704873920211.51, 30.68, 21919
7, fes, 100740324504668.22, 31.28, 22327
7, fes, 100670035986072.93, 31.88, 22739
7, fes, 100629645101070.93, 32.49, 23155
7, fes, 100455158460643.58, 33.10, 23581
7, fes, 100581241801126.91, 33.71, 23990
7, fes, 100570470403978.73, 34.33, 24399
7, fes, 100598606176744.64, 34.94, 24797
7, fes, 100686510779437.32, 35.55, 25189
7, fes, 100405913703128.32, 36.16, 25588
7, fes, 100690380817323.11, 36.77, 25984
7, fes, 100812149368676.87, 37.38, 26388
7, fes, 100652775121919.16, 37.99, 26793
7, fes, 100686758348764.74, 38.60, 27208
7, fes, 100727685468231.55, 39.21, 27610
7, fes, 100831285460077.32, 39.82, 28010
7, fes, 100810069301546.70, 40.43, 28420
7, fes, 100800463637775.57, 41.04, 28826
7, fes, 100935959657293.55, 41.65, 29251
7, fes, 100803868861266.93, 42.26, 29679
7, fes, 100830166048918.81, 42.87, 30124
7, fes, 100688167456511.87, 43.48, 30571
7, fes, 100623665074138.86, 44.09, 31031
7, fes, 100575958719376.26, 44.70, 31498
7, fes, 100581123696932.46, 45.31, 31960
7, fes, 100798323179748.94, 45.92, 32435
7, fes, 100748221781911.61, 46.53, 32910
7, fes, 100736578753772.19, 47.14, 33380
7, fes, 100692465562646.48, 47.75, 33866
7, fes, 100550989883208.92, 48.36, 34344
7, fes, 100592680468487.13, 48.97, 34819
7, fes, 100715575202518.80, 49.58, 35274
7, fes, 100842172259868.17, 50.19, 35729
7, fes, 100600658270517.03, 50.80, 36177
7, fes, 100640552073259.54, 51.41, 36617
7, fes, 100790410821055.63, 52.02, 37049
7, fes, 100845155505754.85, 52.63, 37486
7, fes, 100872289609171.04, 53.24, 37913
7, fes, 100975224448961.32, 53.85, 38342
7, fes, 101125669435496.21, 54.46, 38767
7, fes, 101241267216295.31, 55.07, 39195
7, fes, 101330395504793.70, 55.68, 39619
7, fes, 101442595878008.81, 56.29, 40047
7, fes, 101437245968434.70, 56.90, 40473
7, fes, 101551154254902.05, 57.51, 40893
7, fes, 101577987301055.73, 58.12, 41322
7, fes, 101656794885813.44, 58.73, 41751
7, fes, 101592457636982.77, 59.34, 42172
7, fes, 101616260954867.55, 59.95, 42592
8, fes, 213826340591861.34, 0.01, 5
8, fes, 87394015447650.05, 0.62, 420
8, fes, 89232169558386.02, 1.23, 839
8, fes, 93907094902797.84, 1.84, 1258
8, fes, 100001261414927.75, 2.45, 1673
8, fes, 99600213412225.88, 3.06, 2091
8, fes, 98604797264094.06, 3.67, 2511
8, fes, 98848940274446.49, 4.27, 2924
8, fes, 101121879523773.67, 4.87, 3327
8, fes, 101685236190038.24, 5.47, 3736
8, fes, 100642708024723.88, 6.07, 4144
8, fes, 100097585971531.72, 6.67, 4549
8, fes, 99469608460528.40, 7.27, 4955
8, fes, 99444826106027.09, 7.87, 5366
8, fes, 99788308851969.24, 8.47, 5784
8, fes, 99904508313705.55, 9.07, 6215
8, fes, 100363267162702.01, 9.67, 6648
8, fes, 99974245136817.13, 10.27, 7096
8, fes, 100060016917549.94, 10.87, 7554
8, fes, 100379865029576.26, 11.47, 8006
8, fes, 102550337965193.58, 12.07, 8467
8, fes, 102464841010710.95, 12.67, 8932
8, fes, 102644683685521.64, 13.27, 9395
8, fes, 102144098444260.71, 13.87, 9861
8, fes, 102356548376072.96, 14.47, 10332
8, fes, 102255157942209.05, 15.07, 10805
8, fes, 102207099208898.10, 15.67, 11274
8, fes, 102301354626206.01, 16.27, 11745
8, fes, 102197585186783.98, 16.87, 12196
8, fes, 102756567897955.21, 17.47, 12644
8, fes, 102627407139166.76, 18.07, 13083
8, fes, 102642694296235.69, 18.67, 13521
8, fes, 102756544147909.25, 19.27, 13952
8, fes, 102888681033888.16, 19.87, 14378
8, fes, 102790657365988.91, 20.47, 14814
8, fes, 102845632277748.66, 21.07, 15238
8, fes, 102757265680020.98, 21.67, 15658
8, fes, 102650608479356.18, 22.27, 16083
8, fes, 102608116990258.53, 22.87, 16499
8, fes, 102802809746774.02, 23.47, 16918
8, fes, 102612816579184.92, 24.07, 17334
8, fes, 103046643249773.03, 24.67, 17747
8, fes, 102932882797720.90, 25.27, 18165
8, fes, 102626994906712.75, 25.87, 18579
8, fes, 102738631559256.66, 26.47, 18984
8, fes, 102868341241722.34, 27.07, 19397
8, fes, 102816773409408.06, 27.67, 19813
8, fes, 103027268183277.79, 28.27, 20222
8, fes, 103027110377113.01, 28.87, 20633
8, fes, 103185208087535.96, 29.47, 21045
8, fes, 102902668080617.99, 30.07, 21462
8, fes, 102752203406851.03, 30.67, 21875
8, fes, 102395673004200.21, 31.27, 22286
8, fes, 102510042411902.10, 31.87, 22704
8, fes, 102284686251170.85, 32.48, 23130
8, fes, 102212821677496.91, 33.09, 23546
8, fes, 102055907807947.52, 33.70, 23966
8, fes, 102282887794344.11, 34.31, 24387
8, fes, 102275338567666.68, 34.92, 24808
8, fes, 102201269021150.62, 35.53, 25222
8, fes, 102349273634308.67, 36.14, 25650
8, fes, 102708368494566.01, 36.75, 26070
8, fes, 103002439657058.23, 37.36, 26485
8, fes, 102909775293289.83, 37.98, 26899
8, fes, 102947098801585.72, 38.59, 27296
8, fes, 102946926212518.73, 39.20, 27690
8, fes, 102849939896652.16, 39.81, 28093
8, fes, 102931515557979.48, 40.42, 28493
8, fes, 103012018863658.12, 41.03, 28893
8, fes, 102811099507274.74, 41.64, 29295
8, fes, 103083359639936.69, 42.25, 29695
8, fes, 103205780684724.29, 42.86, 30097
8, fes, 102959286177207.32, 43.47, 30506
8, fes, 102903461993166.62, 44.08, 30910
8, fes, 102900785315111.82, 44.69, 31318
8, fes, 102881566740062.55, 45.30, 31733
8, fes, 102746302648474.27, 45.91, 32164
8, fes, 102621408637290.16, 46.52, 32599
8, fes, 102550133047905.80, 47.13, 33045
8, fes, 102683444579178.59, 47.74, 33506
8, fes, 102571304007586.36, 48.35, 33963
8, fes, 102466615368724.22, 48.96, 34432
8, fes, 102386742372520.86, 49.57, 34901
8, fes, 102363757164189.61, 50.18, 35369
8, fes, 102449692296259.75, 50.79, 35844
8, fes, 102413774437223.59, 51.40, 36319
8, fes, 102421432463130.07, 52.01, 36794
8, fes, 102370428864231.52, 52.62, 37287
8, fes, 102352275091655.62, 53.23, 37749
8, fes, 102323657731259.66, 53.84, 38208
8, fes, 102288894131765.07, 54.45, 38662
8, fes, 102374373281097.38, 55.06, 39108
8, fes, 102403193047519.56, 55.67, 39547
8, fes, 102528886135082.13, 56.28, 39981
8, fes, 102493896909154.98, 56.89, 40413
8, fes, 102515811244035.60, 57.50, 40848
8, fes, 102374712359040.91, 58.11, 41268
8, fes, 102373767204953.70, 58.72, 41697
8, fes, 102305056598462.14, 59.33, 42119
8, fes, 102129221561522.53, 59.94, 42551
9, fes, 141729915217208.72, 0.01, 4
9, fes, 94621446678806.32, 0.62, 429
9, fes, 99901997900147.66, 1.23, 855
9, fes, 99173340997087.93, 1.84, 1283
9, fes, 101478012386625.16, 2.45, 1710
9, fes, 101388002025439.78, 3.06, 2131
9, fes, 100853406999888.64, 3.67, 2553
9, fes, 99947920222421.84, 4.27, 2962
9, fes, 100044086067146.63, 4.87, 3378
9, fes, 102065144188673.07, 5.47, 3791
9, fes, 101596516183577.87, 6.07, 4207
9, fes, 100081241925834.06, 6.67, 4614
9, fes, 99936345653793.61, 7.27, 5025
9, fes, 99211994767086.34, 7.87, 5438
9, fes, 99286007488765.83, 8.47, 5846
9, fes, 99506569394307.32, 9.07, 6257
9, fes, 99350402832946.57, 9.67, 6675
9, fes, 100110206480266.65, 10.27, 7078
9, fes, 99893844850259.79, 10.87, 7491
9, fes, 100012388018461.96, 11.47, 7907
9, fes, 100005161588317.47, 12.07, 8312
9, fes, 99973883013223.01, 12.67, 8743
9, fes, 100160177171008.09, 13.27, 9175
9, fes, 99887213942446.72, 13.87, 9622
9, fes, 99719518973426.23, 14.47, 10072
9, fes, 99786284613278.12, 15.07, 10517
9, fes, 99567855301296.23, 15.67, 10971
9, fes, 99582323930648.57, 16.27, 11433
9, fes, 99349931115684.19, 16.87, 11893
9, fes, 100269860970556.03, 17.47, 12359
9, fes, 100319677729107.12, 18.07, 12829
9, fes, 100174435238406.43, 18.67, 13301
9, fes, 100188623510049.07, 19.27, 13769
9, fes, 100394073195617.77, 19.87, 14241
9, fes, 100747009617562.54, 20.47, 14703
9, fes, 100775854158610.73, 21.07, 15155
9, fes, 101077220049638.21, 21.67, 15598
9, fes, 101006297610839.81, 22.27, 16043
9, fes, 101409844334883.95, 22.87, 16477
9, fes, 101372562644782.78, 23.47, 16910
9, fes, 101541995858785.49, 24.07, 17348
9, fes, 101657079977729.59, 24.67, 17778
9, fes, 101539469374184.85, 25.27, 18198
9, fes, 101642357843724.83, 25.87, 18623
9, fes, 101613716136644.63, 26.47, 19049
9, fes, 101611244608076.06, 27.07, 19463
9, fes, 101734695718873.96, 27.67, 19879
9, fes, 101525535792096.05, 28.27, 20300
9, fes, 101433185529477.95, 28.87, 20721
9, fes, 101536019500249.48, 29.47, 21134
9, fes, 101199434833868.92, 30.07, 21554
9, fes, 101379098154321.67, 30.67, 21962
9, fes, 101555391674267.35, 31.27, 22369
9, fes, 101577510691191.38, 31.87, 22784
9, fes, 101493239076348.57, 32.48, 23207
9, fes, 101611187693655.35, 33.09, 23624
9, fes, 101310521425096.08, 33.70, 24043
9, fes, 101495645266806.47, 34.31, 24462
9, fes, 101513454496488.51, 34.92, 24883
9, fes, 101535618863658.79, 35.53, 25305
9, fes, 101290340570596.48, 36.14, 25723
9, fes, 101537762590215.24, 36.75, 26143
9, fes, 101549395110058.25, 37.36, 26562
9, fes, 101579128089208.94, 37.97, 26983
9, fes, 101568465121741.18, 38.58, 27395
9, fes, 101715761018149.48, 39.19, 27814
9, fes, 101752262994230.55, 39.80, 28228
9, fes, 101707719819925.81, 40.41, 28649
9, fes, 102082768566355.55, 41.02, 29071
9, fes, 102125100550681.31, 41.63, 29490
9, fes, 102160091591639.30, 42.24, 29894
9, fes, 102224249998403.38, 42.85, 30295
9, fes, 102212797494936.09, 43.46, 30685
9, fes, 102119330712641.24, 44.07, 31081
9, fes, 101966628293230.41, 44.68, 31481
9, fes, 101822903188908.39, 45.29, 31886
9, fes, 101762860784410.91, 45.90, 32282
9, fes, 101653616387874.64, 46.51, 32685
9, fes, 101752339904054.24, 47.12, 33091
9, fes, 101857624572491.39, 47.73, 33492
9, fes, 101815703412769.51, 48.34, 33898
9, fes, 101779399859790.17, 48.95, 34302
9, fes, 101891492288427.48, 49.56, 34725
9, fes, 101758366380459.79, 50.17, 35156
9, fes, 101712343076943.55, 50.78, 35596
9, fes, 102007649842988.64, 51.39, 36040
9, fes, 102034516866989.70, 52.00, 36493
9, fes, 101948782115698.33, 52.61, 36960
9, fes, 101902190181400.82, 53.22, 37425
9, fes, 101984571875068.84, 53.83, 37896
9, fes, 101947317602198.61, 54.44, 38376
9, fes, 102081467112383.25, 55.05, 38854
9, fes, 102322566564517.70, 55.66, 39330
9, fes, 102301127604937.61, 56.27, 39811
9, fes, 102321631969287.56, 56.88, 40280
9, fes, 102495226009140.51, 57.49, 40731
9, fes, 102453990784531.72, 58.10, 41189
9, fes, 102481296542637.76, 58.71, 41635
9, fes, 102465682477362.06, 59.32, 42073
9, fes, 102453607467163.98, 59.93, 42511
10, fes, 184043346367516.77, 0.01, 4
10, fes, 100309405980090.84, 0.62, 436
10, fes, 105283119892680.66, 1.23, 861
10, fes, 105115271260917.88, 1.84, 1292
10, fes, 104889510212685.66, 2.45, 1724
10, fes, 103128346533180.08, 3.06, 2155
10, fes, 105143515216825.28, 3.67, 2583
10, fes, 105248603920052.80, 4.27, 2999
10, fes, 105152786058693.60, 4.87, 3419
10, fes, 104445921068500.11, 5.47, 3837
10, fes, 103877240862043.62, 6.07, 4254
10, fes, 101525883555115.73, 6.67, 4671
10, fes, 101039064661736.17, 7.27, 5087
10, fes, 100697325088686.08, 7.87, 5500
10, fes, 100127254162307.00, 8.47, 5913
10, fes, 99142789200154.00, 9.07, 6325
10, fes, 99431317714463.87, 9.67, 6742
10, fes, 99811784136731.94, 10.27, 7153
10, fes, 100411249922124.60, 10.87, 7565
10, fes, 100729441834116.81, 11.47, 7977
10, fes, 101159729304006.87, 12.07, 8388
10, fes, 100631752366094.27, 12.67, 8796
10, fes, 100836945298384.47, 13.27, 9208
10, fes, 100932198801267.90, 13.87, 9615
10, fes, 100611268293607.83, 14.47, 10023
10, fes, 100549744296204.51, 15.07, 10429
10, fes, 100033603053197.09, 15.67, 10843
10, fes, 100429518794784.33, 16.27, 11256
10, fes, 100195867327152.95, 16.87, 11680
10, fes, 100178186183237.24, 17.47, 12115
10, fes, 100050174538025.51, 18.07, 12566
10, fes, 100253840589281.16, 18.67, 13013
10, fes, 99622818090898.74, 19.27, 13466
10, fes, 99422093444981.24, 19.87, 13925
10, fes, 99808515163372.07, 20.47, 14389
10, fes, 99960782534998.91, 21.07, 14848
10, fes, 99965695854833.50, 21.67, 15318
10, fes, 99817921412825.80, 22.27, 15781
10, fes, 99653939000326.82, 22.87, 16258
10, fes, 99912657803807.94, 23.47, 16724
10, fes, 99820868921563.05, 24.07, 17196
10, fes, 100416419047839.47, 24.67, 17651
10, fes, 100616575715453.07, 25.27, 18101
10, fes, 100954696831007.07, 25.87, 18540
10, fes, 101295636766318.89, 26.47, 18984
10, fes, 101259581289717.87, 27.07, 19421
10, fes, 101666781419899.50, 27.67, 19846
10, fes, 101610717074247.01, 28.27, 20277
10, fes, 101646572710832.34, 28.87, 20707
10, fes, 101634324747791.52, 29.47, 21132
10, fes, 101536567125668.60, 30.07, 21554
10, fes, 101521366974934.91, 30.67, 21977
10, fes, 101662645574334.09, 31.27, 22391
10, fes, 101717343376089.97, 31.87, 22812
10, fes, 101621933765345.22, 32.48, 23234
10, fes, 101747824858480.41, 33.09, 23649
10, fes, 101559496279852.88, 33.70, 24075
10, fes, 101368092884588.10, 34.31, 24497
10, fes, 101279141661161.13, 34.92, 24921
10, fes, 101138084298708.67, 35.53, 25336
10, fes, 101273992850201.66, 36.14, 25758
10, fes, 101253937907156.31, 36.75, 26175
10, fes, 101448799121827.00, 37.36, 26591
10, fes, 101377176096303.68, 37.97, 27009
10, fes, 101325638838603.17, 38.58, 27434
10, fes, 101371463580867.40, 39.19, 27851
10, fes, 101425327362324.02, 39.80, 28270
10, fes, 101403642228174.51, 40.41, 28698
10, fes, 101532768451419.26, 41.02, 29117
10, fes, 101549794842950.18, 41.63, 29534
10, fes, 101746692109377.32, 42.24, 29949
10, fes, 101711275680362.49, 42.85, 30374
10, fes, 101660215296049.92, 43.46, 30795
10, fes, 101608028440151.29, 44.07, 31212
10, fes, 101464440696064.08, 44.68, 31627
10, fes, 101547353778352.38, 45.29, 32041
10, fes, 101587286372012.12, 45.90, 32464
10, fes, 101734688560418.08, 46.51, 32871
10, fes, 101811512689929.49, 47.12, 33266
10, fes, 101844430971752.84, 47.73, 33662
10, fes, 101713335150616.45, 48.34, 34057
10, fes, 101667618681784.21, 48.95, 34450
10, fes, 101665179474828.42, 49.56, 34851
10, fes, 101761164556648.36, 50.17, 35248
10, fes, 101600810639964.94, 50.78, 35653
10, fes, 101653820172912.16, 51.39, 36052
10, fes, 101633940535874.46, 52.00, 36461
10, fes, 101572922745339.51, 52.61, 36866
10, fes, 101459394796605.87, 53.22, 37276
10, fes, 101460095522490.88, 53.83, 37693
10, fes, 101369851971851.69, 54.44, 38123
10, fes, 101618309954883.32, 55.05, 38573
10, fes, 101583311739846.13, 55.66, 39023
10, fes, 101602917187655.57, 56.27, 39475
10, fes, 101568671073096.06, 56.88, 39948
10, fes, 101458996651364.05, 57.49, 40412
10, fes, 101331584481134.19, 58.10, 40882
10, fes, 101413096748645.17, 58.71, 41356
10, fes, 101439983572714.59, 59.32, 41831
10, fes, 101389818300127.79, 59.93, 42310
11, fes, 95490256695442.72, 0.01, 5
11, fes, 91797489342851.85, 0.62, 488
11, fes, 92062406229800.33, 1.23, 949
11, fes, 95775018307048.40, 1.84, 1402
11, fes, 96305674816930.44, 2.45, 1851
11, fes, 96604965611536.64, 3.06, 2300
11, fes, 98377407240129.40, 3.67, 2740
11, fes, 99631246191532.25, 4.27, 3167
11, fes, 100563925215287.36, 4.87, 3593
11, fes, 100660039447389.28, 5.47, 4012
11, fes, 99097088995353.49, 6.07, 4436
11, fes, 99491506816022.58, 6.67, 4859
11, fes, 99660841269006.70, 7.27, 5276
11, fes, 100102546253103.52, 7.87, 5693
11, fes, 99918110759923.80, 8.47, 6117
11, fes, 99695059162052.59, 9.07, 6544
11, fes, 100548556754272.51, 9.67, 6960
11, fes, 100751997826539.15, 10.27, 7374
11, fes, 100867158491344.50, 10.87, 7793
11, fes, 101393734815292.70, 11.47, 8220
11, fes, 101503424174423.77, 12.07, 8631
11, fes, 101180713147323.24, 12.67, 9048
11, fes, 101274088576426.28, 13.27, 9460
11, fes, 101827945552277.05, 13.87, 9878
11, fes, 102130525981075.05, 14.47, 10293
11, fes, 102004943605872.88, 15.07, 10698
11, fes, 102313153831245.30, 15.67, 11107
11, fes, 101961544933634.87, 16.27, 11523
11, fes, 102346515853285.47, 16.87, 11938
11, fes, 102457138848959.46, 17.47, 12345
11, fes, 101884449484021.06, 18.07, 12756
11, fes, 101990958635367.28, 18.67, 13162
11, fes, 102188699061487.24, 19.27, 13567
11, fes, 101934843380145.83, 19.87, 13974
11, fes, 101938422767792.16, 20.47, 14390
11, fes, 101833099134177.32, 21.07, 14823
11, fes, 101612923964436.39, 21.67, 15259
11, fes, 101580816705722.54, 22.27, 15709
11, fes, 101490678897955.73, 22.87, 16160
11, fes, 102002425780170.88, 23.47, 16611
11, fes, 102038930639200.82, 24.07, 17068
11, fes, 102321658146095.37, 24.67, 17529
11, fes, 102256723921866.91, 25.27, 18002
11, fes, 102137666539388.58, 25.87, 18466
11, fes, 102291268022630.42, 26.47, 18938
11, fes, 102357959917640.92, 27.07, 19405
11, fes, 102352175560669.41, 27.67, 19887
11, fes, 102475249659552.97, 28.27, 20349
11, fes, 102265173695349.21, 28.87, 20805
11, fes, 102321147139630.52, 29.47, 21257
11, fes, 102267208169448.37, 30.07, 21695
11, fes, 102223807368004.31, 30.67, 22132
11, fes, 102161781371730.13, 31.27, 22565
11, fes, 102221800710896.63, 31.87, 23000
11, fes, 102168395211585.05, 32.48, 23432
11, fes, 102162689454245.82, 33.09, 23861
11, fes, 102319834460259.90, 33.70, 24290
11, fes, 102155019626549.94, 34.31, 24721
11, fes, 102151844140952.67, 34.92, 25151
11, fes, 102204119258567.02, 35.53, 25578
11, fes, 102063840824620.38, 36.14, 26004
11, fes, 101826631235085.34, 36.75, 26427
11, fes, 101788035196677.95, 37.36, 26848
11, fes, 102032623004837.52, 37.97, 27267
11, fes, 102079623834075.17, 38.58, 27685
11, fes, 102031910233689.80, 39.19, 28106
11, fes, 102106161793459.55, 39.80, 28527
11, fes, 102124326607796.46, 40.41, 28946
11, fes, 102027830321000.79, 41.02, 29367
11, fes, 102025900055067.41, 41.63, 29786
11, fes, 101908596376287.66, 42.24, 30205
11, fes, 102019686189034.13, 42.85, 30624
11, fes, 101947192598989.17, 43.46, 31053
11, fes, 102060854800184.80, 44.07, 31466
11, fes, 102031866194579.22, 44.68, 31887
11, fes, 101985755919862.48, 45.29, 32306
11, fes, 102026767332678.03, 45.90, 32730
11, fes, 102000422280242.07, 46.51, 33148
11, fes, 101980172144523.55, 47.12, 33567
11, fes, 102120435767635.74, 47.73, 33983
11, fes, 102134047834503.77, 48.34, 34401
11, fes, 102114537765280.30, 48.95, 34811
11, fes, 102025623183962.08, 49.56, 35231
11, fes, 101998161112790.44, 50.17, 35651
11, fes, 101861988278810.27, 50.78, 36046
11, fes, 101861196511526.40, 51.39, 36441
11, fes, 101902439521057.80, 52.01, 36836
11, fes, 101735985714770.42, 52.62, 37238
11, fes, 101764313542371.18, 53.23, 37639
11, fes, 101698452493758.16, 53.84, 38043
11, fes, 101575111503059.63, 54.45, 38442
11, fes, 101519734134844.23, 55.06, 38843
11, fes, 101644991688634.25, 55.67, 39254
11, fes, 101740812795977.48, 56.28, 39658
11, fes, 101688031016982.19, 56.89, 40068
11, fes, 101835352446442.14, 57.50, 40480
11, fes, 101874309970759.33, 58.11, 40905
11, fes, 101803630460216.23, 58.72, 41344
11, fes, 101832583030667.66, 59.33, 41790
11, fes, 101906613690780.78, 59.94, 42248
12, fes, 106101769445768.57, 0.01, 5
12, fes, 103901965948302.56, 0.62, 471
12, fes, 96371551658185.98, 1.23, 936
12, fes, 99168310973882.44, 1.84, 1404
12, fes, 98222620537805.13, 2.45, 1880
12, fes, 96637365280792.08, 3.06, 2364
12, fes, 97325659512548.74, 3.67, 2834
12, fes, 97688645460158.53, 4.27, 3305
12, fes, 97710502641830.81, 4.87, 3776
12, fes, 99501798572378.97, 5.47, 4222
12, fes, 99059065987718.13, 6.07, 4669
12, fes, 99330372724992.58, 6.67, 5110
12, fes, 99603494086310.04, 7.27, 5556
12, fes, 98854742888306.44, 7.87, 5986
12, fes, 99626695147591.96, 8.47, 6419
12, fes, 98993148387269.40, 9.07, 6840
12, fes, 99028238302668.66, 9.67, 7263
12, fes, 98115044502930.95, 10.27, 7688
12, fes, 98983083688999.70, 10.87, 8110
12, fes, 99687389790166.80, 11.47, 8530
12, fes, 99979413483905.45, 12.07, 8955
12, fes, 100097706230741.69, 12.67, 9378
12, fes, 99711876622477.04, 13.27, 9794
12, fes, 99515741722959.59, 13.87, 10213
12, fes, 99470261936971.57, 14.47, 10624
12, fes, 99723003897844.20, 15.07, 11039
12, fes, 99361508465040.89, 15.67, 11459
12, fes, 100031349539683.34, 16.27, 11876
12, fes, 100142592325290.59, 16.87, 12290
12, fes, 100879295382341.68, 17.47, 12700
12, fes, 100590781258513.43, 18.07, 13116
12, fes, 100502420516875.67, 18.67, 13521
12, fes, 100403120474243.97, 19.27, 13934
12, fes, 100266145056731.78, 19.87, 14340
12, fes, 99749892185166.58, 20.47, 14751
12, fes, 99632688452946.76, 21.07, 15162
12, fes, 99616194571916.44, 21.67, 15574
12, fes, 99793421919987.46, 22.27, 15988
12, fes, 100104587721793.96, 22.87, 16393
12, fes, 99547959800162.08, 23.47, 16805
12, fes, 100083418986981.13, 24.07, 17223
12, fes, 99821232792778.45, 24.67, 17646
12, fes, 99902534488170.94, 25.27, 18076
12, fes, 100121758232940.68, 25.87, 18521
12, fes, 100099862570949.69, 26.47, 18966
12, fes, 99968930044674.04, 27.07, 19414
12, fes, 100106458377122.33, 27.67, 19881
12, fes, 99934745545351.79, 28.27, 20337
12, fes, 99873155261872.36, 28.87, 20800
12, fes, 99891316385677.51, 29.47, 21267
12, fes, 99744678449224.00, 30.07, 21734
12, fes, 99962764045424.17, 30.67, 22209
12, fes, 99624451743308.47, 31.27, 22681
12, fes, 100100563720735.97, 31.87, 23151
12, fes, 100066923923621.56, 32.48, 23616
12, fes, 99972110452599.54, 33.09, 24077
12, fes, 100025322645327.24, 33.70, 24534
12, fes, 100152076827072.50, 34.31, 24982
12, fes, 100078794681355.19, 34.92, 25429
12, fes, 100114191575685.78, 35.53, 25871
12, fes, 99969019907012.32, 36.14, 26307
12, fes, 100087808616918.33, 36.75, 26748
12, fes, 99953325585183.21, 37.36, 27189
12, fes, 99778307393851.21, 37.97, 27615
12, fes, 99741054753209.63, 38.58, 28041
12, fes, 99688861610146.63, 39.19, 28469
12, fes, 99780844076546.45, 39.80, 28898
12, fes, 99961589733783.51, 40.41, 29320
12, fes, 100386779487216.40, 41.02, 29741
12, fes, 100697618401047.76, 41.63, 30157
12, fes, 100739697229216.06, 42.24, 30579
12, fes, 100761654950904.80, 42.85, 31000
12, fes, 100962968108181.75, 43.46, 31414
12, fes, 100950137165314.52, 44.07, 31837
12, fes, 100926516661018.73, 44.68, 32253
12, fes, 100910688506075.93, 45.29, 32669
12, fes, 100864180393286.78, 45.90, 33087
12, fes, 100865569083159.09, 46.51, 33510
12, fes, 100738929622866.61, 47.12, 33931
12, fes, 100726208427929.76, 47.73, 34362
12, fes, 100708641948178.21, 48.34, 34787
12, fes, 100640074305876.78, 48.95, 35208
12, fes, 100652519914894.65, 49.56, 35629
12, fes, 100446986341273.65, 50.17, 36049
12, fes, 100548147954545.35, 50.78, 36470
12, fes, 100588130878859.09, 51.39, 36888
12, fes, 100423524687366.78, 52.00, 37311
12, fes, 100253616486530.23, 52.61, 37723
12, fes, 100540287133358.15, 53.22, 38146
12, fes, 100498532572421.41, 53.83, 38565
12, fes, 100375971267608.17, 54.44, 38970
12, fes, 100307574701343.67, 55.05, 39363
12, fes, 100309013044598.50, 55.66, 39761
12, fes, 100291523954229.98, 56.27, 40160
12, fes, 100335616575662.83, 56.88, 40555
12, fes, 100186919297039.94, 57.49, 40958
12, fes, 100261825943098.25, 58.10, 41355
12, fes, 100311377980566.61, 58.71, 41759
12, fes, 100284723184549.75, 59.32, 42165
12, fes, 100257512850990.21, 59.93, 42574
13, fes, 83787613490068.81, 0.01, 5
13, fes, 110987956144513.99, 0.62, 416
13, fes, 109070311792558.30, 1.23, 826
13, fes, 111612985568790.80, 1.84, 1253
13, fes, 106181808846238.53, 2.45, 1684
13, fes, 104361250338481.39, 3.06, 2126
13, fes, 103338938917849.33, 3.67, 2579
13, fes, 101283573038684.52, 4.27, 3030
13, fes, 101438938164909.33, 4.87, 3488
13, fes, 103013463608089.61, 5.47, 3951
13, fes, 103024110187743.74, 6.07, 4414
13, fes, 102715100191195.34, 6.67, 4876
13, fes, 101553217942064.99, 7.27, 5343
13, fes, 100534783772695.65, 7.87, 5817
13, fes, 101192599410722.55, 8.47, 6287
13, fes, 101038301261131.56, 9.07, 6753
13, fes, 101217287730288.97, 9.67, 7211
13, fes, 100853556386081.43, 10.27, 7657
13, fes, 101112251044568.95, 10.87, 8097
13, fes, 101064800609272.14, 11.47, 8535
13, fes, 100466464741245.15, 12.07, 8970
13, fes, 100516862397598.55, 12.67, 9396
13, fes, 100434233591270.88, 13.27, 9816
13, fes, 99867571846937.12, 13.87, 10244
13, fes, 99785306036891.88, 14.47, 10666
13, fes, 99666059716535.46, 15.07, 11084
13, fes, 99826436636399.99, 15.67, 11517
13, fes, 100363249504014.92, 16.27, 11941
13, fes, 100652838246063.87, 16.87, 12355
13, fes, 100049882548098.40, 17.47, 12775
13, fes, 100492351564327.39, 18.07, 13193
13, fes, 100349053841146.09, 18.67, 13619
13, fes, 100442976365912.64, 19.27, 14030
13, fes, 100000320922573.83, 19.87, 14445
13, fes, 100193639854084.90, 20.47, 14859
13, fes, 100205122966600.61, 21.07, 15271
13, fes, 100281545718524.37, 21.67, 15680
13, fes, 100177966916767.37, 22.27, 16087
13, fes, 100202679191898.06, 22.87, 16503
13, fes, 100746936553544.05, 23.47, 16911
13, fes, 100381040550583.28, 24.07, 17321
13, fes, 100125479258586.88, 24.67, 17733
13, fes, 99986343238100.28, 25.27, 18144
13, fes, 99974643024999.00, 25.87, 18547
13, fes, 100067455235382.08, 26.47, 18957
13, fes, 100135159588735.02, 27.07, 19365
13, fes, 100025325087038.35, 27.67, 19779
13, fes, 100202185704032.23, 28.27, 20190
13, fes, 100182661963784.08, 28.87, 20618
13, fes, 100255743425503.11, 29.47, 21059
13, fes, 100464419064913.02, 30.07, 21501
13, fes, 100433277268694.63, 30.67, 21951
13, fes, 100320494351258.70, 31.27, 22407
13, fes, 100026662803342.51, 31.87, 22864
13, fes, 100251681456073.81, 32.48, 23335
13, fes, 100310704108995.46, 33.09, 23802
13, fes, 100282789050416.26, 33.70, 24276
13, fes, 100322087044177.93, 34.31, 24752
13, fes, 100128981217270.32, 34.92, 25233
13, fes, 99967495017237.90, 35.53, 25708
13, fes, 100019514601586.20, 36.14, 26182
13, fes, 99847167630267.17, 36.75, 26649
13, fes, 99881552806328.01, 37.36, 27111
13, fes, 99782863945925.41, 37.97, 27569
13, fes, 99742101490526.48, 38.58, 28018
13, fes, 99557900161646.33, 39.19, 28459
13, fes, 99632190901780.65, 39.80, 28892
13, fes, 99714337019064.51, 40.41, 29328
13, fes, 99766418369664.42, 41.02, 29755
13, fes, 99781212559728.25, 41.63, 30186
13, fes, 99856132037880.24, 42.24, 30618
13, fes, 99851444674941.14, 42.85, 31044
13, fes, 99665984457341.19, 43.46, 31467
13, fes, 99897601798103.83, 44.07, 31890
13, fes, 100015536636743.74, 44.68, 32312
13, fes, 100116905244117.28, 45.29, 32731
13, fes, 100229553977710.11, 45.90, 33156
13, fes, 100149683790636.59, 46.51, 33572
13, fes, 100034654832852.96, 47.12, 33995
13, fes, 100059746373556.04, 47.73, 34412
13, fes, 100031279224815.46, 48.34, 34831
13, fes, 100124889946590.52, 48.96, 35258
13, fes, 100203750025924.91, 49.57, 35684
13, fes, 100175854170190.62, 50.18, 36103
13, fes, 100047588555156.04, 50.79, 36521
13, fes, 100175334355667.73, 51.40, 36942
13, fes, 100224595023862.14, 52.01, 37366
13, fes, 100284808865210.87, 52.62, 37787
13, fes, 100338713373895.32, 53.23, 38208
13, fes, 100290621266299.27, 53.84, 38634
13, fes, 100328976077023.98, 54.45, 39054
13, fes, 100352227231198.22, 55.06, 39475
13, fes, 100471203234627.84, 55.67, 39898
13, fes, 100420290396277.76, 56.28, 40315
13, fes, 100297724950030.94, 56.89, 40733
13, fes, 100180213716719.57, 57.50, 41151
13, fes, 100191780721725.22, 58.11, 41561
13, fes, 100065028317753.34, 58.72, 41964
13, fes, 100255726240426.32, 59.33, 42360
13, fes, 100311313134705.39, 59.94, 42747
