exp_rep, bfly, algo, time, preprocess_time, iterations
1, ps, 2121380636052.87, 0.01, 27.77, 1065
1, ps, 1991209064257.33, 0.62, 27.77, 154957
1, ps, 1981127913277.85, 1.23, 27.77, 305246
1, ps, 1971721879039.40, 1.84, 27.77, 491782
1, ps, 1968926759360.04, 2.45, 27.77, 677932
1, ps, 1955006511527.59, 3.06, 27.77, 855994
1, ps, 1950305418282.28, 3.67, 27.77, 1064642
1, ps, 1954307116863.15, 4.27, 27.77, 1277817
1, ps, 1949778742843.84, 4.87, 27.77, 1485494
1, ps, 1943517639406.47, 5.47, 27.77, 1679872
1, ps, 1940508212864.04, 6.07, 27.77, 1882454
1, ps, 1938486164690.51, 6.67, 27.77, 2083160
1, ps, 1935452995480.00, 7.27, 27.77, 2281921
1, ps, 1934989013684.83, 7.87, 27.77, 2497638
1, ps, 1938721804206.62, 8.47, 27.77, 2733999
1, ps, 1934613853228.15, 9.07, 27.77, 2953292
1, ps, 1936084916341.19, 9.67, 27.77, 3199548
1, ps, 1936062534036.04, 10.27, 27.77, 3413413
1, ps, 1939611871588.57, 10.87, 27.77, 3639795
1, ps, 1940698347141.36, 11.47, 27.77, 3852405
1, ps, 1940422319114.33, 12.07, 27.77, 4113705
1, ps, 1942192037060.78, 12.67, 27.77, 4344270
1, ps, 1942874939063.37, 13.27, 27.77, 4551779
1, ps, 1943731524300.24, 13.87, 27.77, 4786613
1, ps, 1945492693778.53, 14.47, 27.77, 5020122
1, ps, 1946488599411.26, 15.07, 27.77, 5238361
1, ps, 1946925345428.38, 15.67, 27.77, 5486181
1, ps, 1949007035457.13, 16.27, 27.77, 5715637
1, ps, 1948336297049.82, 16.87, 27.77, 5938258
1, ps, 1948544286733.09, 17.47, 27.77, 6157757
1, ps, 1946893698885.92, 18.07, 27.77, 6404793
1, ps, 1947078223635.00, 18.67, 27.77, 6603267
1, ps, 1947105322006.35, 19.27, 27.77, 6817227
1, ps, 1947099494962.19, 19.87, 27.77, 7047434
1, ps, 1947120798531.42, 20.47, 27.77, 7296327
1, ps, 1945984648199.33, 21.07, 27.77, 7525211
1, ps, 1946100401488.84, 21.67, 27.77, 7751309
1, ps, 1944651375942.37, 22.27, 27.77, 7977437
1, ps, 1943160950756.77, 22.87, 27.77, 8210887
1, ps, 1943494539716.26, 23.47, 27.77, 8424979
1, ps, 1942413859690.23, 24.07, 27.77, 8639195
1, ps, 1941656573043.41, 24.67, 27.77, 8866027
1, ps, 1941072536096.36, 25.27, 27.77, 9103642
1, ps, 1940989560845.85, 25.87, 27.77, 9339044
1, ps, 1941556470324.51, 26.47, 27.77, 9567715
1, ps, 1942612818661.55, 27.07, 27.77, 9781822
1, ps, 1942895521435.44, 27.67, 27.77, 10014295
1, ps, 1944069613255.26, 28.27, 27.77, 10244271
1, ps, 1943430551600.98, 28.87, 27.77, 10447205
1, ps, 1944104242636.25, 29.47, 27.77, 10671027
1, ps, 1944584079731.05, 30.07, 27.77, 10916029
1, ps, 1943907602121.45, 30.67, 27.77, 11128642
1, ps, 1944038791006.78, 31.27, 27.77, 11391257
1, ps, 1944148763909.01, 31.87, 27.77, 11639742
1, ps, 1944377673708.13, 32.48, 27.77, 11872477
1, ps, 1943667785407.53, 33.09, 27.77, 12097443
1, ps, 1943679632025.96, 33.70, 27.77, 12349437
1, ps, 1943686195021.68, 34.31, 27.77, 12585964
1, ps, 1944668105140.31, 34.92, 27.77, 12815837
1, ps, 1944384371329.08, 35.53, 27.77, 13088164
1, ps, 1944195694750.01, 36.14, 27.77, 13322178
1, ps, 1944105375551.38, 36.75, 27.77, 13563299
1, ps, 1943251592762.06, 37.36, 27.77, 13782738
1, ps, 1942448941502.26, 37.97, 27.77, 14007983
1, ps, 1941860930528.83, 38.58, 27.77, 14249182
1, ps, 1941840723408.75, 39.19, 27.77, 14458810
1, ps, 1941465733368.78, 39.80, 27.77, 14668463
1, ps, 1941974884821.16, 40.41, 27.77, 14897184
1, ps, 1941970064650.81, 41.02, 27.77, 15125301
1, ps, 1942890925135.31, 41.63, 27.77, 15327997
1, ps, 1941946453322.55, 42.24, 27.77, 15559712
1, ps, 1942039440852.33, 42.85, 27.77, 15783715
1, ps, 1942065397731.87, 43.46, 27.77, 15984650
1, ps, 1942522341467.79, 44.07, 27.77, 16219428
1, ps, 1942733638347.93, 44.68, 27.77, 16446928
1, ps, 1942777910204.85, 45.29, 27.77, 16660362
1, ps, 1942968310404.41, 45.90, 27.77, 16870247
1, ps, 1942830105560.83, 46.51, 27.77, 17083755
1, ps, 1943148954621.26, 47.12, 27.77, 17279937
1, ps, 1942948729265.79, 47.73, 27.77, 17484821
1, ps, 1942550828133.85, 48.34, 27.77, 17701184
1, ps, 1942807507913.47, 48.95, 27.77, 17911488
1, ps, 1943443875384.13, 49.56, 27.77, 18144048
1, ps, 1943934861774.56, 50.17, 27.77, 18370248
1, ps, 1943889831791.27, 50.78, 27.77, 18582589
1, ps, 1944012183760.03, 51.39, 27.77, 18828408
1, ps, 1945214034320.20, 52.00, 27.77, 19085070
1, ps, 1945145216885.80, 52.61, 27.77, 19310245
1, ps, 1945561001443.82, 53.22, 27.77, 19520893
1, ps, 1945662358997.31, 53.83, 27.77, 19741275
1, ps, 1945810182491.87, 54.44, 27.77, 19962042
1, ps, 1945495471531.13, 55.05, 27.77, 20210523
1, ps, 1945285201262.79, 55.66, 27.77, 20465784
1, ps, 1945428187108.17, 56.27, 27.77, 20702351
1, ps, 1945785001974.42, 56.88, 27.77, 20960302
1, ps, 1945883298951.91, 57.49, 27.77, 21174867
1, ps, 1946048095145.11, 58.10, 27.77, 21427212
1, ps, 1946377099072.34, 58.71, 27.77, 21674811
1, ps, 1946146045501.60, 59.32, 27.77, 21901050
1, ps, 1946164650011.99, 59.93, 27.77, 22116378
2, ps, 1778841000091.57, 0.01, 0.00, 1512
2, ps, 1888450867945.38, 0.62, 0.00, 249299
2, ps, 1915318736464.67, 1.23, 0.00, 480819
2, ps, 1926959022434.07, 1.84, 0.00, 710172
2, ps, 1933324638077.42, 2.45, 0.00, 921575
2, ps, 1924126171832.10, 3.06, 0.00, 1158021
2, ps, 1931157071362.99, 3.67, 0.00, 1399095
2, ps, 1931555959199.15, 4.27, 0.00, 1631402
2, ps, 1931533756381.98, 4.87, 0.00, 1841517
2, ps, 1934067184555.40, 5.47, 0.00, 2043252
2, ps, 1932713816026.65, 6.07, 0.00, 2277863
2, ps, 1930589752176.82, 6.67, 0.00, 2500766
2, ps, 1929659026748.73, 7.27, 0.00, 2706753
2, ps, 1933588686630.94, 7.87, 0.00, 2962703
2, ps, 1933748425364.25, 8.47, 0.00, 3203859
2, ps, 1932408402054.32, 9.07, 0.00, 3446257
2, ps, 1935764879112.06, 9.67, 0.00, 3667592
2, ps, 1934519773844.14, 10.27, 0.00, 3899912
2, ps, 1932458336667.55, 10.87, 0.00, 4138007
2, ps, 1932577611192.07, 11.47, 0.00, 4372507
2, ps, 1931293743609.84, 12.07, 0.00, 4597290
2, ps, 1933738750319.17, 12.67, 0.00, 4821307
2, ps, 1934737884945.27, 13.27, 0.00, 5027787
2, ps, 1936324883705.54, 13.87, 0.00, 5246744
2, ps, 1935140800040.74, 14.47, 0.00, 5489458
2, ps, 1936253912167.71, 15.07, 0.00, 5730391
2, ps, 1935810076636.74, 15.67, 0.00, 5972126
2, ps, 1936333080102.12, 16.27, 0.00, 6201146
2, ps, 1934990543671.72, 16.87, 0.00, 6433684
2, ps, 1935971217199.57, 17.47, 0.00, 6669548
2, ps, 1936466480798.20, 18.07, 0.00, 6887348
2, ps, 1938287591994.48, 18.67, 0.00, 7111000
2, ps, 1938304983350.93, 19.27, 0.00, 7345997
2, ps, 1937758744875.28, 19.87, 0.00, 7586415
2, ps, 1938972938815.41, 20.47, 0.00, 7826687
2, ps, 1939347189187.91, 21.07, 0.00, 8063606
2, ps, 1939342985748.27, 21.67, 0.00, 8283192
2, ps, 1939420820948.21, 22.27, 0.00, 8539142
2, ps, 1940060324031.95, 22.87, 0.00, 8759530
2, ps, 1939190476736.05, 23.47, 0.00, 8984321
2, ps, 1939663448636.79, 24.07, 0.00, 9220909
2, ps, 1939703645819.64, 24.67, 0.00, 9434200
2, ps, 1939356089865.99, 25.27, 0.00, 9663557
2, ps, 1940630818837.78, 25.87, 0.00, 9924475
2, ps, 1940787140741.67, 26.47, 0.00, 10137482
2, ps, 1940623490596.50, 27.07, 0.00, 10368959
2, ps, 1939978467859.17, 27.67, 0.00, 10573658
2, ps, 1940032219457.56, 28.27, 0.00, 10791081
2, ps, 1939560310378.59, 28.87, 0.00, 11013195
2, ps, 1938739317005.39, 29.47, 0.00, 11238328
2, ps, 1938708132877.57, 30.07, 0.00, 11451934
2, ps, 1938720551575.59, 30.67, 0.00, 11643365
2, ps, 1938978820852.39, 31.27, 0.00, 11860980
2, ps, 1938973118185.26, 31.87, 0.00, 12111697
2, ps, 1938239896048.45, 32.48, 0.00, 12320264
2, ps, 1938043011334.65, 33.09, 0.00, 12536957
2, ps, 1938363790087.83, 33.70, 0.00, 12739687
2, ps, 1938522209731.17, 34.31, 0.00, 12940104
2, ps, 1939805156219.78, 34.92, 0.00, 13170307
2, ps, 1940877141793.06, 35.53, 0.00, 13396230
2, ps, 1939987873198.51, 36.14, 0.00, 13614546
2, ps, 1939950992648.10, 36.75, 0.00, 13840183
2, ps, 1940323942633.43, 37.36, 0.00, 14075444
2, ps, 1940075860592.62, 37.97, 0.00, 14324179
2, ps, 1940088248454.72, 38.58, 0.00, 14559265
2, ps, 1940577654315.04, 39.19, 0.00, 14791044
2, ps, 1940356081007.85, 39.80, 0.00, 15006476
2, ps, 1940342358668.26, 40.41, 0.00, 15237404
2, ps, 1940209866510.12, 41.02, 0.00, 15456196
2, ps, 1940313989301.92, 41.63, 0.00, 15667229
2, ps, 1940645895734.39, 42.24, 0.00, 15883139
2, ps, 1940954138960.97, 42.85, 0.00, 16113860
2, ps, 1941234211101.98, 43.46, 0.00, 16377831
2, ps, 1941519112382.53, 44.07, 0.00, 16619187
2, ps, 1941850978713.63, 44.68, 0.00, 16834025
2, ps, 1942092874373.31, 45.29, 0.00, 17055119
2, ps, 1942101180146.02, 45.90, 0.00, 17265661
2, ps, 1942955332119.41, 46.51, 0.00, 17474241
2, ps, 1942656418105.01, 47.12, 0.00, 17707089
2, ps, 1942865170210.43, 47.73, 0.00, 17941689
2, ps, 1942455595958.32, 48.34, 0.00, 18157544
2, ps, 1942156977826.68, 48.95, 0.00, 18395152
2, ps, 1941821259202.11, 49.56, 0.00, 18634962
2, ps, 1941766062705.27, 50.17, 0.00, 18860493
2, ps, 1941594305490.45, 50.78, 0.00, 19073053
2, ps, 1941656771398.19, 51.39, 0.00, 19308258
2, ps, 1941891551629.16, 52.00, 0.00, 19533348
2, ps, 1941859139796.49, 52.61, 0.00, 19747861
2, ps, 1942034000252.88, 53.22, 0.00, 19974654
2, ps, 1942274254035.72, 53.83, 0.00, 20214186
2, ps, 1942560593941.98, 54.44, 0.00, 20436171
2, ps, 1942357727835.23, 55.05, 0.00, 20663072
2, ps, 1942795417051.69, 55.66, 0.00, 20921010
2, ps, 1942293650087.09, 56.27, 0.00, 21142437
2, ps, 1941965191441.07, 56.88, 0.00, 21368332
2, ps, 1941928693773.76, 57.49, 0.00, 21619699
2, ps, 1942060890156.75, 58.10, 0.00, 21862805
2, ps, 1942126836696.94, 58.71, 0.00, 22077051
2, ps, 1942042204497.82, 59.32, 0.00, 22311569
2, ps, 1942436134621.74, 59.93, 0.00, 22527260
3, ps, 1376611873448.14, 0.01, 0.00, 2579
3, ps, 1973915740914.87, 0.62, 0.00, 228095
3, ps, 1968492088639.92, 1.23, 0.00, 474608
3, ps, 1952553832741.89, 1.84, 0.00, 715960
3, ps, 1964022738509.40, 2.45, 0.00, 961236
3, ps, 1961404911126.58, 3.06, 0.00, 1214777
3, ps, 1957048320084.94, 3.67, 0.00, 1457877
3, ps, 1950129670746.93, 4.27, 0.00, 1667832
3, ps, 1955925197813.49, 4.87, 0.00, 1904304
3, ps, 1948364610812.07, 5.47, 0.00, 2120748
3, ps, 1947842721523.85, 6.07, 0.00, 2373508
3, ps, 1943262661953.17, 6.67, 0.00, 2610020
3, ps, 1942576089081.70, 7.27, 0.00, 2852520
3, ps, 1938523706967.08, 7.87, 0.00, 3074204
3, ps, 1941789166668.69, 8.47, 0.00, 3305834
3, ps, 1941275253110.16, 9.07, 0.00, 3530271
3, ps, 1939204338042.10, 9.67, 0.00, 3775040
3, ps, 1940162750987.22, 10.27, 0.00, 4000525
3, ps, 1939215485335.37, 10.87, 0.00, 4222395
3, ps, 1941949529509.39, 11.47, 0.00, 4450516
3, ps, 1944018677611.21, 12.07, 0.00, 4680481
3, ps, 1943431700536.64, 12.67, 0.00, 4899728
3, ps, 1942714795164.15, 13.27, 0.00, 5126206
3, ps, 1942887115593.42, 13.87, 0.00, 5308539
3, ps, 1943168331834.28, 14.47, 0.00, 5517661
3, ps, 1944100278099.23, 15.07, 0.00, 5741850
3, ps, 1944226508491.12, 15.67, 0.00, 5982905
3, ps, 1946118812712.93, 16.27, 0.00, 6190474
3, ps, 1946872277339.39, 16.87, 0.00, 6380328
3, ps, 1947827496421.60, 17.47, 0.00, 6618291
3, ps, 1945685021915.58, 18.07, 0.00, 6870309
3, ps, 1944518273001.75, 18.67, 0.00, 7065586
3, ps, 1946138447761.83, 19.27, 0.00, 7268334
3, ps, 1948174513028.48, 19.87, 0.00, 7490466
3, ps, 1947216381743.95, 20.47, 0.00, 7683384
3, ps, 1947289586630.21, 21.07, 0.00, 7898729
3, ps, 1946325218621.69, 21.67, 0.00, 8099258
3, ps, 1946285506121.89, 22.27, 0.00, 8295324
3, ps, 1947536419410.28, 22.87, 0.00, 8531621
3, ps, 1947072751386.64, 23.47, 0.00, 8729861
3, ps, 1947249824058.98, 24.07, 0.00, 8935976
3, ps, 1946475375946.72, 24.67, 0.00, 9157411
3, ps, 1946927039141.37, 25.27, 0.00, 9401187
3, ps, 1946362440579.71, 25.87, 0.00, 9622138
3, ps, 1947852953845.40, 26.47, 0.00, 9839018
3, ps, 1948295744167.12, 27.07, 0.00, 10038389
3, ps, 1949323619834.88, 27.67, 0.00, 10253251
3, ps, 1949311009256.75, 28.27, 0.00, 10469721
3, ps, 1949083633637.92, 28.87, 0.00, 10697638
3, ps, 1948806694141.40, 29.47, 0.00, 10940129
3, ps, 1948640528850.42, 30.07, 0.00, 11149645
3, ps, 1948885330964.54, 30.67, 0.00, 11368118
3, ps, 1948345269253.17, 31.27, 0.00, 11583970
3, ps, 1947685161315.62, 31.87, 0.00, 11855906
3, ps, 1947749095861.91, 32.48, 0.00, 12092752
3, ps, 1948615065083.38, 33.09, 0.00, 12320919
3, ps, 1949099905958.90, 33.70, 0.00, 12556912
3, ps, 1949720651026.47, 34.31, 0.00, 12795924
3, ps, 1949926388274.83, 34.92, 0.00, 13024813
3, ps, 1949808456026.88, 35.53, 0.00, 13214416
3, ps, 1949799645375.92, 36.14, 0.00, 13422990
3, ps, 1949950620503.66, 36.75, 0.00, 13661456
3, ps, 1949227195127.61, 37.36, 0.00, 13894585
3, ps, 1949462141699.01, 37.97, 0.00, 14127233
3, ps, 1949296279486.80, 38.58, 0.00, 14381653
3, ps, 1949645728134.37, 39.19, 0.00, 14605540
3, ps, 1948891931279.08, 39.80, 0.00, 14847954
3, ps, 1948196489717.27, 40.41, 0.00, 15064149
3, ps, 1948118363100.91, 41.02, 0.00, 15292279
3, ps, 1949265303985.47, 41.63, 0.00, 15536779
3, ps, 1948581308109.22, 42.24, 0.00, 15785992
3, ps, 1948899970371.79, 42.85, 0.00, 15987826
3, ps, 1949128564231.43, 43.46, 0.00, 16223239
3, ps, 1949171610637.62, 44.07, 0.00, 16470209
3, ps, 1949054472933.28, 44.68, 0.00, 16700161
3, ps, 1949073363184.40, 45.29, 0.00, 16921121
3, ps, 1949719372538.59, 45.90, 0.00, 17143626
3, ps, 1949387354028.83, 46.51, 0.00, 17378118
3, ps, 1949848399257.86, 47.12, 0.00, 17612037
3, ps, 1950535648976.72, 47.73, 0.00, 17841018
3, ps, 1950151358721.38, 48.34, 0.00, 18067409
3, ps, 1949874608140.19, 48.95, 0.00, 18273238
3, ps, 1949972391499.48, 49.56, 0.00, 18510776
3, ps, 1950101381497.28, 50.17, 0.00, 18748266
3, ps, 1950891989988.73, 50.78, 0.00, 19012539
3, ps, 1950329548573.23, 51.39, 0.00, 19269175
3, ps, 1950715792335.79, 52.00, 0.00, 19501848
3, ps, 1950183294665.54, 52.61, 0.00, 19726514
3, ps, 1950264044286.17, 53.22, 0.00, 19958765
3, ps, 1950245183229.20, 53.83, 0.00, 20184636
3, ps, 1950357638131.76, 54.44, 0.00, 20436442
3, ps, 1950399017221.51, 55.05, 0.00, 20675238
3, ps, 1950352974736.84, 55.66, 0.00, 20909390
3, ps, 1949942703631.32, 56.27, 0.00, 21162344
3, ps, 1950154350337.42, 56.88, 0.00, 21393404
3, ps, 1950029832666.85, 57.49, 0.00, 21623397
3, ps, 1950036900453.33, 58.10, 0.00, 21873075
3, ps, 1950274016889.70, 58.71, 0.00, 22119921
3, ps, 1950126112667.89, 59.32, 0.00, 22336312
3, ps, 1950133976421.21, 59.93, 0.00, 22574491
4, ps, 1976614503408.84, 0.01, 0.00, 2286
4, ps, 1925053104451.21, 0.62, 0.00, 227793
4, ps, 1932598005262.02, 1.23, 0.00, 452026
4, ps, 1918814081984.98, 1.84, 0.00, 669958
4, ps, 1926611485339.64, 2.45, 0.00, 892845
4, ps, 1930821542788.46, 3.06, 0.00, 1083186
4, ps, 1939248415459.04, 3.67, 0.00, 1324521
4, ps, 1937332668069.71, 4.27, 0.00, 1532466
4, ps, 1937371027675.40, 4.87, 0.00, 1735846
4, ps, 1945035524484.96, 5.47, 0.00, 1958607
4, ps, 1947036151054.10, 6.07, 0.00, 2165681
4, ps, 1942841511748.63, 6.67, 0.00, 2368709
4, ps, 1942720096609.33, 7.27, 0.00, 2568440
4, ps, 1940647592173.08, 7.87, 0.00, 2788719
4, ps, 1940494740598.24, 8.47, 0.00, 2987808
4, ps, 1943381199338.76, 9.07, 0.00, 3211949
4, ps, 1941757224110.09, 9.67, 0.00, 3400355
4, ps, 1944201222846.41, 10.27, 0.00, 3628215
4, ps, 1943955548887.57, 10.87, 0.00, 3856908
4, ps, 1943271497846.02, 11.47, 0.00, 4079328
4, ps, 1941670557806.92, 12.07, 0.00, 4295237
4, ps, 1942324841193.96, 12.67, 0.00, 4506541
4, ps, 1942482483629.53, 13.27, 0.00, 4725832
4, ps, 1942258564760.21, 13.87, 0.00, 4923570
4, ps, 1939847904664.01, 14.47, 0.00, 5142822
4, ps, 1938031114590.94, 15.07, 0.00, 5366250
4, ps, 1938003713905.02, 15.67, 0.00, 5564063
4, ps, 1936689452928.98, 16.27, 0.00, 5787486
4, ps, 1939107816413.69, 16.87, 0.00, 6005134
4, ps, 1939488608811.55, 17.47, 0.00, 6250743
4, ps, 1939783657127.71, 18.07, 0.00, 6447237
4, ps, 1938664891654.01, 18.67, 0.00, 6664998
4, ps, 1939897461263.76, 19.27, 0.00, 6901066
4, ps, 1940029739938.15, 19.87, 0.00, 7122249
4, ps, 1940669681829.90, 20.47, 0.00, 7358001
4, ps, 1940305586879.32, 21.07, 0.00, 7593313
4, ps, 1940818056819.23, 21.67, 0.00, 7828060
4, ps, 1940686536333.48, 22.27, 0.00, 8062365
4, ps, 1939918870563.17, 22.87, 0.00, 8295374
4, ps, 1940794981346.50, 23.47, 0.00, 8552941
4, ps, 1940966804786.59, 24.07, 0.00, 8767079
4, ps, 1941503500079.45, 24.67, 0.00, 8999994
4, ps, 1942225941200.04, 25.27, 0.00, 9218160
4, ps, 1943465431310.77, 25.87, 0.00, 9442289
4, ps, 1943902661649.59, 26.47, 0.00, 9660713
4, ps, 1944278055600.08, 27.07, 0.00, 9884001
4, ps, 1944724168672.84, 27.67, 0.00, 10100418
4, ps, 1944433153360.42, 28.27, 0.00, 10312790
4, ps, 1944161821526.84, 28.87, 0.00, 10515103
4, ps, 1944431520209.70, 29.47, 0.00, 10724671
4, ps, 1944636625221.71, 30.07, 0.00, 10929233
4, ps, 1944312726665.57, 30.67, 0.00, 11147073
4, ps, 1943711148999.83, 31.27, 0.00, 11362624
4, ps, 1943699716989.24, 31.87, 0.00, 11582210
4, ps, 1943222124000.68, 32.48, 0.00, 11805128
4, ps, 1943961437773.88, 33.09, 0.00, 12061137
4, ps, 1944299749135.09, 33.70, 0.00, 12316393
4, ps, 1944955614713.92, 34.31, 0.00, 12545833
4, ps, 1944418615473.37, 34.92, 0.00, 12771613
4, ps, 1945348298523.05, 35.53, 0.00, 13019739
4, ps, 1945674673788.54, 36.14, 0.00, 13256149
4, ps, 1945958245350.25, 36.75, 0.00, 13508146
4, ps, 1946398946967.01, 37.36, 0.00, 13751939
4, ps, 1946240126210.62, 37.97, 0.00, 13994792
4, ps, 1946267065166.34, 38.58, 0.00, 14249537
4, ps, 1945943144457.70, 39.19, 0.00, 14487761
4, ps, 1945836104244.46, 39.80, 0.00, 14724810
4, ps, 1945859504069.26, 40.41, 0.00, 14966411
4, ps, 1946014233344.60, 41.02, 0.00, 15231692
4, ps, 1947022176051.72, 41.63, 0.00, 15486935
4, ps, 1946473650868.98, 42.24, 0.00, 15739910
4, ps, 1946332818207.70, 42.85, 0.00, 15992165
4, ps, 1945589890377.28, 43.46, 0.00, 16240415
4, ps, 1946481479700.84, 44.07, 0.00, 16473074
4, ps, 1947011915393.46, 44.68, 0.00, 16697899
4, ps, 1947350588006.69, 45.29, 0.00, 16939516
4, ps, 1947396152401.15, 45.90, 0.00, 17182972
4, ps, 1947248967090.01, 46.51, 0.00, 17412285
4, ps, 1947455267700.41, 47.12, 0.00, 17655556
4, ps, 1948159718208.64, 47.73, 0.00, 17860678
4, ps, 1947802111417.90, 48.34, 0.00, 18109968
4, ps, 1947386156975.42, 48.95, 0.00, 18330951
4, ps, 1947309832180.60, 49.56, 0.00, 18537467
4, ps, 1947181890290.95, 50.17, 0.00, 18741623
4, ps, 1947211233645.16, 50.78, 0.00, 18975934
4, ps, 1947445345786.84, 51.39, 0.00, 19168332
4, ps, 1947410154979.49, 52.00, 0.00, 19382973
4, ps, 1947424418013.46, 52.61, 0.00, 19593036
4, ps, 1946919666294.51, 53.22, 0.00, 19801523
4, ps, 1946529553676.38, 53.83, 0.00, 20012698
4, ps, 1945935874455.86, 54.44, 0.00, 20232763
4, ps, 1945750316227.55, 55.05, 0.00, 20444636
4, ps, 1945527181416.37, 55.66, 0.00, 20662810
4, ps, 1945836022585.39, 56.27, 0.00, 20872395
4, ps, 1945239733985.72, 56.88, 0.00, 21091723
4, ps, 1945673829438.87, 57.49, 0.00, 21333629
4, ps, 1945395217539.47, 58.10, 0.00, 21578686
4, ps, 1945613869545.95, 58.71, 0.00, 21790864
4, ps, 1945974002086.31, 59.32, 0.00, 22015216
4, ps, 1945943102845.32, 59.93, 0.00, 22237983
5, ps, 1906831565826.26, 0.01, 0.00, 4965
5, ps, 1954506348063.81, 0.62, 0.00, 237681
5, ps, 1958522120475.03, 1.23, 0.00, 462632
5, ps, 1977588474100.85, 1.84, 0.00, 684211
5, ps, 1962563139474.19, 2.45, 0.00, 913053
5, ps, 1950596264777.13, 3.06, 0.00, 1173579
5, ps, 1947836285722.42, 3.67, 0.00, 1410699
5, ps, 1946770413764.74, 4.27, 0.00, 1651810
5, ps, 1945784029360.13, 4.87, 0.00, 1872429
5, ps, 1945512409714.16, 5.47, 0.00, 2119765
5, ps, 1941403321360.18, 6.07, 0.00, 2329844
5, ps, 1939065113590.42, 6.67, 0.00, 2551976
5, ps, 1939638151074.68, 7.27, 0.00, 2766930
5, ps, 1938768071820.95, 7.87, 0.00, 2977706
5, ps, 1937763928070.16, 8.47, 0.00, 3200440
5, ps, 1937992106034.77, 9.07, 0.00, 3399911
5, ps, 1936837297931.83, 9.67, 0.00, 3616736
5, ps, 1938034758020.64, 10.27, 0.00, 3815566
5, ps, 1938468142834.19, 10.87, 0.00, 4044870
5, ps, 1937231453233.31, 11.47, 0.00, 4277534
5, ps, 1938030359200.42, 12.07, 0.00, 4493545
5, ps, 1937681623004.46, 12.67, 0.00, 4699064
5, ps, 1937253154214.42, 13.27, 0.00, 4925240
5, ps, 1939041373071.53, 13.87, 0.00, 5138747
5, ps, 1942306054127.90, 14.47, 0.00, 5369339
5, ps, 1941305303069.40, 15.07, 0.00, 5576823
5, ps, 1941537391436.82, 15.67, 0.00, 5793094
5, ps, 1940967591439.70, 16.27, 0.00, 6029145
5, ps, 1942674918007.33, 16.87, 0.00, 6257603
5, ps, 1941770532979.43, 17.47, 0.00, 6451167
5, ps, 1940730234482.41, 18.07, 0.00, 6683516
5, ps, 1940604680513.29, 18.67, 0.00, 6890457
5, ps, 1941719707706.75, 19.27, 0.00, 7124472
5, ps, 1941055948812.11, 19.87, 0.00, 7354874
5, ps, 1941020766864.03, 20.47, 0.00, 7608806
5, ps, 1941048744285.74, 21.07, 0.00, 7837716
5, ps, 1942204104432.17, 21.67, 0.00, 8052631
5, ps, 1941051498260.05, 22.27, 0.00, 8301397
5, ps, 1941746064268.40, 22.87, 0.00, 8527365
5, ps, 1941098693265.26, 23.47, 0.00, 8753514
5, ps, 1940452982548.62, 24.07, 0.00, 9018838
5, ps, 1941348384023.50, 24.67, 0.00, 9257129
5, ps, 1941735741116.55, 25.27, 0.00, 9507824
5, ps, 1942524554909.76, 25.87, 0.00, 9747707
5, ps, 1942156433307.90, 26.47, 0.00, 10017552
5, ps, 1942221898852.39, 27.07, 0.00, 10233577
5, ps, 1942412759460.90, 27.67, 0.00, 10476274
5, ps, 1942948437519.22, 28.27, 0.00, 10721340
5, ps, 1942406455298.29, 28.87, 0.00, 10965764
5, ps, 1943055870701.94, 29.47, 0.00, 11182909
5, ps, 1943535322611.75, 30.07, 0.00, 11421830
5, ps, 1943006229821.70, 30.67, 0.00, 11676597
5, ps, 1943216627454.77, 31.27, 0.00, 11916277
5, ps, 1942677455541.45, 31.87, 0.00, 12136893
5, ps, 1942394259666.58, 32.48, 0.00, 12371733
5, ps, 1942441041316.89, 33.09, 0.00, 12585724
5, ps, 1941618842009.65, 33.70, 0.00, 12816626
5, ps, 1942236683042.94, 34.31, 0.00, 13045029
5, ps, 1941290317349.93, 34.92, 0.00, 13273563
5, ps, 1941226913957.31, 35.53, 0.00, 13508371
5, ps, 1942003377488.04, 36.14, 0.00, 13751599
5, ps, 1940958980453.68, 36.75, 0.00, 14006819
5, ps, 1940945774021.02, 37.36, 0.00, 14206458
5, ps, 1941378897735.66, 37.97, 0.00, 14431438
5, ps, 1940632781537.65, 38.58, 0.00, 14643991
5, ps, 1941781761429.83, 39.19, 0.00, 14866974
5, ps, 1941284905148.62, 39.80, 0.00, 15066464
5, ps, 1942449529644.71, 40.41, 0.00, 15271331
5, ps, 1943036878378.38, 41.02, 0.00, 15471193
5, ps, 1942651646099.81, 41.63, 0.00, 15687696
5, ps, 1942795487211.26, 42.24, 0.00, 15900729
5, ps, 1943393248086.07, 42.85, 0.00, 16127737
5, ps, 1943258248892.95, 43.46, 0.00, 16347596
5, ps, 1942911883211.84, 44.07, 0.00, 16575988
5, ps, 1943211781683.51, 44.68, 0.00, 16811385
5, ps, 1943391254898.12, 45.29, 0.00, 17021913
5, ps, 1943418078901.47, 45.90, 0.00, 17235970
5, ps, 1943998262574.82, 46.51, 0.00, 17460771
5, ps, 1944137629887.17, 47.12, 0.00, 17686847
5, ps, 1943782527735.97, 47.73, 0.00, 17879368
5, ps, 1943779706374.42, 48.34, 0.00, 18098572
5, ps, 1944204905609.73, 48.95, 0.00, 18300574
5, ps, 1944073204631.10, 49.56, 0.00, 18549680
5, ps, 1944119463556.34, 50.17, 0.00, 18767991
5, ps, 1944471133549.63, 50.78, 0.00, 18977832
5, ps, 1944444634152.00, 51.39, 0.00, 19223973
5, ps, 1944755297539.82, 52.00, 0.00, 19464643
5, ps, 1944966643650.23, 52.61, 0.00, 19707238
5, ps, 1944900895575.25, 53.22, 0.00, 19924522
5, ps, 1945031386515.94, 53.83, 0.00, 20154391
5, ps, 1945412046808.74, 54.44, 0.00, 20383101
5, ps, 1945897388628.14, 55.05, 0.00, 20619127
5, ps, 1946746864704.35, 55.66, 0.00, 20828200
5, ps, 1946742122488.22, 56.27, 0.00, 21081193
5, ps, 1947169467532.03, 56.88, 0.00, 21318900
5, ps, 1947372093257.03, 57.49, 0.00, 21525014
5, ps, 1947674061955.74, 58.10, 0.00, 21752624
5, ps, 1948083830194.32, 58.71, 0.00, 21982095
5, ps, 1947910376909.13, 59.32, 0.00, 22227509
5, ps, 1948315023915.20, 59.93, 0.00, 22464642
6, ps, 2595418999417.65, 0.01, 0.00, 1285
6, ps, 1989581125401.16, 0.62, 0.00, 210888
6, ps, 1969670865664.50, 1.23, 0.00, 427405
6, ps, 1950821047301.89, 1.84, 0.00, 676062
6, ps, 1946138950150.48, 2.45, 0.00, 886595
6, ps, 1942891563187.80, 3.06, 0.00, 1115052
6, ps, 1941154686992.89, 3.67, 0.00, 1343893
6, ps, 1944715629514.17, 4.27, 0.00, 1584127
6, ps, 1943834514624.89, 4.87, 0.00, 1794442
6, ps, 1942189893966.51, 5.47, 0.00, 2041520
6, ps, 1944206715465.81, 6.07, 0.00, 2262793
6, ps, 1947173384190.74, 6.67, 0.00, 2477810
6, ps, 1949550775254.25, 7.27, 0.00, 2716495
6, ps, 1942346212646.53, 7.87, 0.00, 2961032
6, ps, 1940640613767.94, 8.47, 0.00, 3221308
6, ps, 1942000394011.42, 9.07, 0.00, 3443528
6, ps, 1940218528995.93, 9.67, 0.00, 3688617
6, ps, 1940156038917.02, 10.27, 0.00, 3913702
6, ps, 1940430746834.83, 10.87, 0.00, 4134922
6, ps, 1941060912292.30, 11.47, 0.00, 4369914
6, ps, 1939116706394.62, 12.07, 0.00, 4615971
6, ps, 1940873625794.66, 12.67, 0.00, 4868382
6, ps, 1942651553938.94, 13.27, 0.00, 5102061
6, ps, 1942909848426.68, 13.87, 0.00, 5346075
6, ps, 1942645667239.11, 14.47, 0.00, 5575135
6, ps, 1943980350339.40, 15.07, 0.00, 5829479
6, ps, 1942649884466.92, 15.67, 0.00, 6087888
6, ps, 1941930853673.69, 16.27, 0.00, 6337063
6, ps, 1940898341385.37, 16.87, 0.00, 6598905
6, ps, 1941057687562.33, 17.47, 0.00, 6857478
6, ps, 1939436512018.84, 18.07, 0.00, 7102738
6, ps, 1941220057177.29, 18.67, 0.00, 7329867
6, ps, 1941880446176.73, 19.27, 0.00, 7559897
6, ps, 1943332093228.90, 19.87, 0.00, 7796287
6, ps, 1942796108425.72, 20.47, 0.00, 8024372
6, ps, 1945039080259.68, 21.07, 0.00, 8254067
6, ps, 1946078331294.47, 21.67, 0.00, 8489254
6, ps, 1946013688224.46, 22.27, 0.00, 8714986
6, ps, 1945564536554.80, 22.87, 0.00, 8932270
6, ps, 1946368733939.07, 23.47, 0.00, 9139230
6, ps, 1945759730411.54, 24.07, 0.00, 9377633
6, ps, 1946677320622.89, 24.67, 0.00, 9575098
6, ps, 1946416811583.99, 25.27, 0.00, 9796753
6, ps, 1946909986842.45, 25.87, 0.00, 10000719
6, ps, 1945729002721.28, 26.47, 0.00, 10231885
6, ps, 1946438844891.13, 27.07, 0.00, 10445982
6, ps, 1945873191712.77, 27.67, 0.00, 10662819
6, ps, 1945499858262.70, 28.27, 0.00, 10872679
6, ps, 1945926087408.68, 28.87, 0.00, 11067119
6, ps, 1944732050075.14, 29.47, 0.00, 11280095
6, ps, 1945077814420.06, 30.07, 0.00, 11521735
6, ps, 1944792523361.20, 30.67, 0.00, 11748021
6, ps, 1945346673322.62, 31.27, 0.00, 11959307
6, ps, 1945327587904.02, 31.87, 0.00, 12175884
6, ps, 1944473174472.78, 32.48, 0.00, 12389877
6, ps, 1944144211625.82, 33.09, 0.00, 12618747
6, ps, 1944534742666.12, 33.70, 0.00, 12840617
6, ps, 1944315452169.39, 34.31, 0.00, 13050891
6, ps, 1944206244069.65, 34.92, 0.00, 13255094
6, ps, 1944699022283.36, 35.53, 0.00, 13464337
6, ps, 1944805839204.84, 36.14, 0.00, 13684762
6, ps, 1944405822838.78, 36.75, 0.00, 13908898
6, ps, 1944167958146.24, 37.36, 0.00, 14134825
6, ps, 1943476797396.38, 37.97, 0.00, 14373346
6, ps, 1942811034877.62, 38.58, 0.00, 14652879
6, ps, 1942418011802.21, 39.19, 0.00, 14881545
6, ps, 1942511674844.33, 39.80, 0.00, 15112610
6, ps, 1942738089295.94, 40.41, 0.00, 15313974
6, ps, 1942757950576.35, 41.02, 0.00, 15559138
6, ps, 1942525082691.66, 41.63, 0.00, 15788575
6, ps, 1943340208858.38, 42.24, 0.00, 16000848
6, ps, 1943497152248.03, 42.85, 0.00, 16219264
6, ps, 1943852013951.79, 43.46, 0.00, 16457556
6, ps, 1943215669569.13, 44.07, 0.00, 16667737
6, ps, 1942501325019.43, 44.68, 0.00, 16891638
6, ps, 1943425027395.50, 45.29, 0.00, 17122535
6, ps, 1943535096775.26, 45.90, 0.00, 17331582
6, ps, 1943556546755.46, 46.51, 0.00, 17583253
6, ps, 1942802085938.21, 47.12, 0.00, 17813855
6, ps, 1942677863810.36, 47.73, 0.00, 18061820
6, ps, 1942830301426.54, 48.34, 0.00, 18287219
6, ps, 1943183707854.03, 48.95, 0.00, 18494889
6, ps, 1943802572242.01, 49.56, 0.00, 18719633
6, ps, 1943344933819.99, 50.17, 0.00, 18935684
6, ps, 1942508784638.11, 50.78, 0.00, 19159224
6, ps, 1942653900256.94, 51.39, 0.00, 19411212
6, ps, 1942319463577.92, 52.00, 0.00, 19640987
6, ps, 1942437270527.95, 52.61, 0.00, 19890197
6, ps, 1942285468528.79, 53.22, 0.00, 20104119
6, ps, 1942139293027.85, 53.83, 0.00, 20322004
6, ps, 1941738732598.93, 54.44, 0.00, 20538014
6, ps, 1941170805160.84, 55.05, 0.00, 20741659
6, ps, 1941280346613.99, 55.66, 0.00, 20993810
6, ps, 1941017296654.73, 56.27, 0.00, 21223406
6, ps, 1940845592598.92, 56.88, 0.00, 21470347
6, ps, 1940666284101.79, 57.49, 0.00, 21691805
6, ps, 1940837911891.96, 58.10, 0.00, 21932235
6, ps, 1940950731591.02, 58.71, 0.00, 22176232
6, ps, 1941564446808.92, 59.32, 0.00, 22405717
6, ps, 1942061021197.43, 59.93, 0.00, 22655922
7, ps, 1703026641310.38, 0.01, 0.00, 1832
7, ps, 1946789292443.89, 0.62, 0.00, 231218
7, ps, 1935445415806.20, 1.23, 0.00, 474874
7, ps, 1946471687283.51, 1.84, 0.00, 701671
7, ps, 1949221131333.82, 2.45, 0.00, 955344
7, ps, 1939055155973.34, 3.06, 0.00, 1190440
7, ps, 1939393563599.41, 3.67, 0.00, 1434758
7, ps, 1937496434554.82, 4.27, 0.00, 1700085
7, ps, 1937531277290.80, 4.87, 0.00, 1938152
7, ps, 1939564643574.04, 5.47, 0.00, 2164483
7, ps, 1941073562108.35, 6.07, 0.00, 2417479
7, ps, 1940011021268.13, 6.67, 0.00, 2635135
7, ps, 1939152872914.75, 7.27, 0.00, 2860607
7, ps, 1940566836111.54, 7.87, 0.00, 3088708
7, ps, 1939122104828.29, 8.47, 0.00, 3308439
7, ps, 1940792357190.74, 9.07, 0.00, 3511138
7, ps, 1940846260868.06, 9.67, 0.00, 3718632
7, ps, 1941892893853.06, 10.27, 0.00, 3931088
7, ps, 1941214111044.96, 10.87, 0.00, 4126492
7, ps, 1939481075675.44, 11.47, 0.00, 4332037
7, ps, 1941041351850.90, 12.07, 0.00, 4542056
7, ps, 1940564952203.40, 12.67, 0.00, 4789545
7, ps, 1938866439033.75, 13.27, 0.00, 4988782
7, ps, 1941242153052.00, 13.87, 0.00, 5223866
7, ps, 1940657551639.20, 14.47, 0.00, 5428062
7, ps, 1942062008038.30, 15.07, 0.00, 5648051
7, ps, 1941909762746.72, 15.67, 0.00, 5871761
7, ps, 1941066813944.95, 16.27, 0.00, 6059875
7, ps, 1941709608305.64, 16.87, 0.00, 6286589
7, ps, 1942666407129.32, 17.47, 0.00, 6505510
7, ps, 1941816978938.14, 18.07, 0.00, 6745263
7, ps, 1941136020702.01, 18.67, 0.00, 6965166
7, ps, 1941655029574.84, 19.27, 0.00, 7177015
7, ps, 1942893816923.01, 19.87, 0.00, 7416801
7, ps, 1942470040178.23, 20.47, 0.00, 7651702
7, ps, 1942521083120.37, 21.07, 0.00, 7870821
7, ps, 1941656533116.66, 21.67, 0.00, 8093023
7, ps, 1942955541473.96, 22.27, 0.00, 8330250
7, ps, 1943196833665.50, 22.87, 0.00, 8572543
7, ps, 1942303153293.93, 23.47, 0.00, 8792564
7, ps, 1942547036206.18, 24.07, 0.00, 9042401
7, ps, 1941590194150.71, 24.67, 0.00, 9305513
7, ps, 1942254415525.09, 25.27, 0.00, 9551703
7, ps, 1941814141681.24, 25.87, 0.00, 9773324
7, ps, 1940924444043.27, 26.47, 0.00, 10023578
7, ps, 1940782788119.45, 27.07, 0.00, 10253915
7, ps, 1940944618724.23, 27.67, 0.00, 10479376
7, ps, 1940249861689.74, 28.27, 0.00, 10684019
7, ps, 1940127791098.78, 28.87, 0.00, 10917424
7, ps, 1940149446644.19, 29.47, 0.00, 11145818
7, ps, 1940771587324.54, 30.07, 0.00, 11387983
7, ps, 1941161904134.28, 30.67, 0.00, 11613979
7, ps, 1940657547907.65, 31.27, 0.00, 11823334
7, ps, 1939968470925.87, 31.87, 0.00, 12021244
7, ps, 1939900537626.29, 32.48, 0.00, 12232297
7, ps, 1939712669179.66, 33.09, 0.00, 12459054
7, ps, 1939764134379.42, 33.70, 0.00, 12674972
7, ps, 1939131524279.52, 34.31, 0.00, 12892874
7, ps, 1939134216626.41, 34.92, 0.00, 13133198
7, ps, 1939250580266.23, 35.53, 0.00, 13362807
7, ps, 1938494861876.00, 36.14, 0.00, 13590234
7, ps, 1939190396867.90, 36.75, 0.00, 13797955
7, ps, 1939371611256.93, 37.36, 0.00, 14014123
7, ps, 1940364679136.14, 37.97, 0.00, 14271148
7, ps, 1941189929977.97, 38.58, 0.00, 14499737
7, ps, 1940851339864.23, 39.19, 0.00, 14732529
7, ps, 1940906678353.75, 39.80, 0.00, 14957099
7, ps, 1941364374401.29, 40.41, 0.00, 15212314
7, ps, 1940986574377.39, 41.02, 0.00, 15443138
7, ps, 1941294518411.66, 41.63, 0.00, 15679211
7, ps, 1941718621623.70, 42.24, 0.00, 15897635
7, ps, 1940947077176.24, 42.85, 0.00, 16138529
7, ps, 1940690156838.11, 43.46, 0.00, 16372333
7, ps, 1940953115991.02, 44.07, 0.00, 16640551
7, ps, 1941339377584.22, 44.68, 0.00, 16898811
7, ps, 1941555975102.95, 45.29, 0.00, 17140348
7, ps, 1941982027489.68, 45.90, 0.00, 17378239
7, ps, 1942166973297.57, 46.51, 0.00, 17604918
7, ps, 1942542664835.73, 47.12, 0.00, 17859156
7, ps, 1942701018183.42, 47.73, 0.00, 18074951
7, ps, 1942207339136.27, 48.34, 0.00, 18339393
7, ps, 1942636396324.26, 48.95, 0.00, 18564175
7, ps, 1942853595505.56, 49.56, 0.00, 18818040
7, ps, 1942677550933.86, 50.17, 0.00, 19046247
7, ps, 1943009066289.69, 50.78, 0.00, 19289006
7, ps, 1943286387029.76, 51.39, 0.00, 19527964
7, ps, 1943300263821.21, 52.00, 0.00, 19786142
7, ps, 1943421285157.78, 52.61, 0.00, 19997430
7, ps, 1943773555775.36, 53.22, 0.00, 20228150
7, ps, 1943726016967.21, 53.83, 0.00, 20457515
7, ps, 1943865116437.00, 54.44, 0.00, 20690993
7, ps, 1943802752469.74, 55.05, 0.00, 20918913
7, ps, 1943956323327.61, 55.66, 0.00, 21142783
7, ps, 1944364448488.18, 56.27, 0.00, 21401003
7, ps, 1944118329940.75, 56.88, 0.00, 21635746
7, ps, 1943959555982.68, 57.49, 0.00, 21870894
7, ps, 1944133391171.43, 58.10, 0.00, 22113200
7, ps, 1944380998239.81, 58.71, 0.00, 22327945
7, ps, 1943890152711.48, 59.32, 0.00, 22546882
7, ps, 1943952124784.25, 59.93, 0.00, 22758736
8, ps, 2456018843441.57, 0.01, 0.00, 2015
8, ps, 1901255630405.30, 0.62, 0.00, 205803
8, ps, 1912287788201.99, 1.23, 0.00, 418683
8, ps, 1917028924803.81, 1.84, 0.00, 658516
8, ps, 1935432790946.06, 2.45, 0.00, 867875
8, ps, 1932946611221.64, 3.06, 0.00, 1082997
8, ps, 1933532748132.91, 3.67, 0.00, 1313914
8, ps, 1936459547999.32, 4.27, 0.00, 1526879
8, ps, 1936584944886.36, 4.87, 0.00, 1744217
8, ps, 1937629532546.63, 5.47, 0.00, 1958653
8, ps, 1942411885830.50, 6.07, 0.00, 2181028
8, ps, 1944144331264.49, 6.67, 0.00, 2388648
8, ps, 1945277779249.65, 7.27, 0.00, 2590061
8, ps, 1943547303692.65, 7.87, 0.00, 2822753
8, ps, 1939875188380.18, 8.47, 0.00, 3030745
8, ps, 1941995154703.41, 9.07, 0.00, 3254738
8, ps, 1943217589605.79, 9.67, 0.00, 3490645
8, ps, 1943768820139.21, 10.27, 0.00, 3701307
8, ps, 1944791871057.34, 10.87, 0.00, 3945475
8, ps, 1947851215742.82, 11.47, 0.00, 4172966
8, ps, 1949177843316.35, 12.07, 0.00, 4400067
8, ps, 1948370714959.43, 12.67, 0.00, 4631374
8, ps, 1947495358784.12, 13.27, 0.00, 4852768
8, ps, 1950416700331.11, 13.87, 0.00, 5095814
8, ps, 1950230941925.40, 14.47, 0.00, 5306257
8, ps, 1948209829787.91, 15.07, 0.00, 5544744
8, ps, 1946411417125.07, 15.67, 0.00, 5777482
8, ps, 1947105514651.81, 16.27, 0.00, 5992016
8, ps, 1945271282180.38, 16.87, 0.00, 6223921
8, ps, 1944441079984.98, 17.47, 0.00, 6457301
8, ps, 1945121091067.26, 18.07, 0.00, 6676670
8, ps, 1944648818385.19, 18.67, 0.00, 6906002
8, ps, 1944379481157.86, 19.27, 0.00, 7127563
8, ps, 1944464647194.14, 19.87, 0.00, 7338661
8, ps, 1943399683002.56, 20.47, 0.00, 7557364
8, ps, 1942511806580.19, 21.07, 0.00, 7790607
8, ps, 1942221327441.10, 21.67, 0.00, 8002928
8, ps, 1943084780297.30, 22.27, 0.00, 8232304
8, ps, 1941967009258.65, 22.87, 0.00, 8431329
8, ps, 1941437251193.91, 23.47, 0.00, 8642765
8, ps, 1942178829212.30, 24.07, 0.00, 8888847
8, ps, 1942074940728.31, 24.67, 0.00, 9088307
8, ps, 1941417057819.75, 25.27, 0.00, 9318368
8, ps, 1941254492895.50, 25.87, 0.00, 9534455
8, ps, 1940544261935.04, 26.47, 0.00, 9771459
8, ps, 1940529739230.17, 27.07, 0.00, 9999726
8, ps, 1941522016736.38, 27.67, 0.00, 10241699
8, ps, 1941380005885.28, 28.27, 0.00, 10474920
8, ps, 1940965662516.27, 28.87, 0.00, 10708181
8, ps, 1941251945303.81, 29.47, 0.00, 10947402
8, ps, 1941171441019.41, 30.07, 0.00, 11174866
8, ps, 1942130130666.70, 30.67, 0.00, 11397411
8, ps, 1941819803934.09, 31.27, 0.00, 11602620
8, ps, 1940633981972.14, 31.87, 0.00, 11819985
8, ps, 1940893943267.92, 32.48, 0.00, 12059191
8, ps, 1940314536970.86, 33.09, 0.00, 12295946
8, ps, 1939693143365.23, 33.70, 0.00, 12524073
8, ps, 1939156976242.13, 34.31, 0.00, 12770427
8, ps, 1939407671147.89, 34.92, 0.00, 12999432
8, ps, 1938450159857.10, 35.53, 0.00, 13287683
8, ps, 1938149109795.12, 36.14, 0.00, 13530100
8, ps, 1938311526961.07, 36.75, 0.00, 13780400
8, ps, 1938515921174.37, 37.36, 0.00, 14021752
8, ps, 1938883563327.76, 37.97, 0.00, 14244651
8, ps, 1939228367065.95, 38.58, 0.00, 14487386
8, ps, 1939354955370.74, 39.19, 0.00, 14730860
8, ps, 1939550412292.60, 39.80, 0.00, 15012765
8, ps, 1938449499492.92, 40.41, 0.00, 15241405
8, ps, 1937779340259.10, 41.02, 0.00, 15452764
8, ps, 1938146087717.17, 41.63, 0.00, 15669211
8, ps, 1937971663570.94, 42.24, 0.00, 15909664
8, ps, 1938197873164.44, 42.85, 0.00, 16120678
8, ps, 1938709407851.15, 43.46, 0.00, 16353545
8, ps, 1938776531085.53, 44.07, 0.00, 16572556
8, ps, 1938781033200.51, 44.68, 0.00, 16808131
8, ps, 1938960897025.51, 45.29, 0.00, 17013200
8, ps, 1938884187001.21, 45.90, 0.00, 17215793
8, ps, 1939026561120.33, 46.51, 0.00, 17438461
8, ps, 1937966925572.47, 47.12, 0.00, 17674160
8, ps, 1937957079221.35, 47.73, 0.00, 17880985
8, ps, 1937987586656.58, 48.34, 0.00, 18077221
8, ps, 1939243285135.87, 48.95, 0.00, 18292363
8, ps, 1939207511435.11, 49.56, 0.00, 18510509
8, ps, 1939259246580.14, 50.17, 0.00, 18739690
8, ps, 1939441433559.80, 50.78, 0.00, 18951607
8, ps, 1939663205557.79, 51.39, 0.00, 19188940
8, ps, 1939840571698.12, 52.00, 0.00, 19425166
8, ps, 1939537733761.99, 52.61, 0.00, 19670155
8, ps, 1939967013501.07, 53.22, 0.00, 19908703
8, ps, 1939931491406.89, 53.83, 0.00, 20133117
8, ps, 1939724749994.98, 54.44, 0.00, 20372592
8, ps, 1939017143697.72, 55.05, 0.00, 20601352
8, ps, 1938983753716.74, 55.66, 0.00, 20828529
8, ps, 1938736270297.57, 56.27, 0.00, 21044166
8, ps, 1938664934686.60, 56.88, 0.00, 21280013
8, ps, 1938593194840.96, 57.49, 0.00, 21506614
8, ps, 1938530515176.43, 58.10, 0.00, 21738236
8, ps, 1938828546441.10, 58.71, 0.00, 21968782
8, ps, 1938965481269.84, 59.32, 0.00, 22214529
8, ps, 1938981354082.69, 59.93, 0.00, 22471298
9, ps, 2082039101980.79, 0.01, 0.00, 5839
9, ps, 1912609843298.46, 0.62, 0.00, 242775
9, ps, 1919188983154.77, 1.23, 0.00, 466732
9, ps, 1915589243243.49, 1.84, 0.00, 707423
9, ps, 1924724535179.11, 2.45, 0.00, 939555
9, ps, 1926787113142.31, 3.06, 0.00, 1168259
9, ps, 1919397993459.43, 3.67, 0.00, 1403855
9, ps, 1927309741057.21, 4.27, 0.00, 1616687
9, ps, 1932246945073.85, 4.87, 0.00, 1844178
9, ps, 1937849786775.41, 5.47, 0.00, 2070742
9, ps, 1942117458882.55, 6.07, 0.00, 2284671
9, ps, 1944872437068.23, 6.67, 0.00, 2531633
9, ps, 1946269350022.88, 7.27, 0.00, 2724060
9, ps, 1946946023565.48, 7.87, 0.00, 2960391
9, ps, 1946638157884.42, 8.47, 0.00, 3180047
9, ps, 1947056825781.72, 9.07, 0.00, 3382701
9, ps, 1947708061725.61, 9.67, 0.00, 3597047
9, ps, 1946107206927.68, 10.27, 0.00, 3808363
9, ps, 1945736134306.90, 10.87, 0.00, 4041483
9, ps, 1944582982863.78, 11.47, 0.00, 4268389
9, ps, 1944365009173.46, 12.07, 0.00, 4476360
9, ps, 1942846226521.16, 12.67, 0.00, 4704514
9, ps, 1942931528431.53, 13.27, 0.00, 4946616
9, ps, 1944230531897.26, 13.87, 0.00, 5165537
9, ps, 1944867243672.55, 14.47, 0.00, 5428372
9, ps, 1942335990667.73, 15.07, 0.00, 5655895
9, ps, 1942754312185.14, 15.67, 0.00, 5892633
9, ps, 1942604310754.62, 16.27, 0.00, 6121592
9, ps, 1940971024406.20, 16.87, 0.00, 6326894
9, ps, 1941514138215.87, 17.47, 0.00, 6568607
9, ps, 1941543139225.32, 18.07, 0.00, 6802014
9, ps, 1944984408244.27, 18.67, 0.00, 7042265
9, ps, 1942724233181.18, 19.27, 0.00, 7274130
9, ps, 1943114889895.81, 19.87, 0.00, 7506316
9, ps, 1942841113943.32, 20.47, 0.00, 7765420
9, ps, 1942214659776.43, 21.07, 0.00, 8012483
9, ps, 1942289343932.35, 21.67, 0.00, 8277606
9, ps, 1942506707091.00, 22.27, 0.00, 8564401
9, ps, 1943174987343.63, 22.87, 0.00, 8779207
9, ps, 1942365015871.93, 23.47, 0.00, 9020373
9, ps, 1942032585822.54, 24.07, 0.00, 9233869
9, ps, 1942122809725.65, 24.67, 0.00, 9460505
9, ps, 1941815129407.07, 25.27, 0.00, 9717361
9, ps, 1941631076669.32, 25.87, 0.00, 9970505
9, ps, 1940346421399.83, 26.47, 0.00, 10184973
9, ps, 1940634986449.17, 27.07, 0.00, 10402770
9, ps, 1940958182170.25, 27.67, 0.00, 10635223
9, ps, 1941040910764.26, 28.27, 0.00, 10851652
9, ps, 1941485722231.36, 28.87, 0.00, 11056966
9, ps, 1942557813687.32, 29.47, 0.00, 11274721
9, ps, 1942545238660.26, 30.07, 0.00, 11506351
9, ps, 1942754313075.52, 30.67, 0.00, 11728892
9, ps, 1942670451232.94, 31.27, 0.00, 11942499
9, ps, 1942919648046.77, 31.87, 0.00, 12164949
9, ps, 1942461931937.61, 32.48, 0.00, 12390410
9, ps, 1941955001892.32, 33.09, 0.00, 12585550
9, ps, 1941834182999.42, 33.70, 0.00, 12791215
9, ps, 1942093042163.78, 34.31, 0.00, 12984615
9, ps, 1942272709026.63, 34.92, 0.00, 13194121
9, ps, 1942403126979.38, 35.53, 0.00, 13408636
9, ps, 1941574961246.50, 36.14, 0.00, 13612837
9, ps, 1940550511703.30, 36.75, 0.00, 13826815
9, ps, 1940119449391.06, 37.36, 0.00, 14051974
9, ps, 1940225188939.00, 37.97, 0.00, 14254652
9, ps, 1939775937596.22, 38.58, 0.00, 14461888
9, ps, 1939473330885.99, 39.19, 0.00, 14725967
9, ps, 1939966607834.40, 39.80, 0.00, 14943717
9, ps, 1939847526689.08, 40.41, 0.00, 15157546
9, ps, 1939371454949.94, 41.02, 0.00, 15367352
9, ps, 1939842540174.30, 41.63, 0.00, 15596498
9, ps, 1939041684342.30, 42.24, 0.00, 15821710
9, ps, 1939560632139.52, 42.85, 0.00, 16053051
9, ps, 1939536705254.39, 43.46, 0.00, 16272130
9, ps, 1940062270671.48, 44.07, 0.00, 16504677
9, ps, 1940206245434.82, 44.68, 0.00, 16751258
9, ps, 1940619991810.52, 45.29, 0.00, 16979307
9, ps, 1939758037263.07, 45.90, 0.00, 17215303
9, ps, 1939223454460.18, 46.51, 0.00, 17447897
9, ps, 1938687710248.62, 47.12, 0.00, 17683682
9, ps, 1937817835402.69, 47.73, 0.00, 17908530
9, ps, 1937705884844.68, 48.34, 0.00, 18146919
9, ps, 1937416975713.78, 48.95, 0.00, 18360305
9, ps, 1937851781319.55, 49.56, 0.00, 18582696
9, ps, 1937902052735.43, 50.17, 0.00, 18825651
9, ps, 1938206935126.53, 50.78, 0.00, 19039112
9, ps, 1938161986351.09, 51.39, 0.00, 19286566
9, ps, 1938117633708.30, 52.00, 0.00, 19505549
9, ps, 1938037332191.47, 52.61, 0.00, 19723076
9, ps, 1937828068544.48, 53.22, 0.00, 19941726
9, ps, 1937016658812.73, 53.83, 0.00, 20158137
9, ps, 1937676569731.46, 54.44, 0.00, 20383133
9, ps, 1937724735931.72, 55.05, 0.00, 20615037
9, ps, 1937640220693.27, 55.66, 0.00, 20840084
9, ps, 1937230743261.22, 56.27, 0.00, 21095230
9, ps, 1937288077360.45, 56.88, 0.00, 21325847
9, ps, 1937219764653.50, 57.49, 0.00, 21555516
9, ps, 1937276635092.46, 58.10, 0.00, 21773964
9, ps, 1937793142939.98, 58.71, 0.00, 21992568
9, ps, 1937628548009.20, 59.32, 0.00, 22210701
9, ps, 1937562240957.63, 59.93, 0.00, 22450943
10, ps, 2256827693304.73, 0.01, 0.00, 4052
10, ps, 1902571559057.48, 0.62, 0.00, 224208
10, ps, 1913429594019.79, 1.23, 0.00, 458466
10, ps, 1935663474242.53, 1.84, 0.00, 690360
10, ps, 1939124665231.45, 2.45, 0.00, 918874
10, ps, 1938566130487.45, 3.06, 0.00, 1125698
10, ps, 1949117476394.52, 3.67, 0.00, 1353085
10, ps, 1953608818097.43, 4.27, 0.00, 1549381
10, ps, 1953711656676.58, 4.87, 0.00, 1774577
10, ps, 1950307989250.03, 5.47, 0.00, 2017687
10, ps, 1945957673437.01, 6.07, 0.00, 2268110
10, ps, 1947313584841.72, 6.67, 0.00, 2496913
10, ps, 1948979004029.37, 7.27, 0.00, 2727504
10, ps, 1950550078248.07, 7.87, 0.00, 2957734
10, ps, 1951340100656.03, 8.47, 0.00, 3197415
10, ps, 1951300259234.91, 9.07, 0.00, 3454463
10, ps, 1949263633755.28, 9.67, 0.00, 3716041
10, ps, 1947161449994.56, 10.27, 0.00, 3967526
10, ps, 1947237593068.39, 10.87, 0.00, 4222072
10, ps, 1951494218198.96, 11.47, 0.00, 4459180
10, ps, 1950854222892.98, 12.07, 0.00, 4690221
10, ps, 1948064365326.19, 12.67, 0.00, 4936399
10, ps, 1946775576587.62, 13.27, 0.00, 5188847
10, ps, 1945313620385.65, 13.87, 0.00, 5411973
10, ps, 1945991906587.69, 14.47, 0.00, 5648697
10, ps, 1945679376837.76, 15.07, 0.00, 5861159
10, ps, 1947690548747.07, 15.67, 0.00, 6086494
10, ps, 1949086045180.33, 16.27, 0.00, 6324618
10, ps, 1950651572935.39, 16.87, 0.00, 6547324
10, ps, 1950247055396.05, 17.47, 0.00, 6761010
10, ps, 1949475515657.25, 18.07, 0.00, 6960756
10, ps, 1948980986344.31, 18.67, 0.00, 7156220
10, ps, 1948621781504.51, 19.27, 0.00, 7378381
10, ps, 1948143440601.87, 19.87, 0.00, 7578723
10, ps, 1947453290040.23, 20.47, 0.00, 7779899
10, ps, 1946514952858.91, 21.07, 0.00, 7980135
10, ps, 1947041203543.03, 21.67, 0.00, 8186180
10, ps, 1946401632889.15, 22.27, 0.00, 8373649
10, ps, 1945831169062.63, 22.87, 0.00, 8586481
10, ps, 1946421132183.14, 23.47, 0.00, 8790599
10, ps, 1946356373246.62, 24.07, 0.00, 8984353
10, ps, 1946217685454.84, 24.67, 0.00, 9193836
10, ps, 1946033274092.54, 25.27, 0.00, 9410425
10, ps, 1945871439948.90, 25.87, 0.00, 9614227
10, ps, 1946011650012.40, 26.47, 0.00, 9856952
10, ps, 1946525990007.59, 27.07, 0.00, 10089134
10, ps, 1945910369365.57, 27.67, 0.00, 10304353
10, ps, 1945657099968.74, 28.27, 0.00, 10509289
10, ps, 1945397442654.09, 28.87, 0.00, 10704691
10, ps, 1945391923866.31, 29.47, 0.00, 10932179
10, ps, 1946697956808.54, 30.07, 0.00, 11163479
10, ps, 1946106127691.41, 30.67, 0.00, 11375010
10, ps, 1945793277687.08, 31.27, 0.00, 11625813
10, ps, 1945892638200.76, 31.87, 0.00, 11851568
10, ps, 1945691663690.81, 32.48, 0.00, 12092877
10, ps, 1945135342995.08, 33.09, 0.00, 12329852
10, ps, 1945861327755.87, 33.70, 0.00, 12539330
10, ps, 1944911149819.78, 34.31, 0.00, 12776842
10, ps, 1944537652496.07, 34.92, 0.00, 12996231
10, ps, 1943874905261.71, 35.53, 0.00, 13229404
10, ps, 1943595060592.60, 36.14, 0.00, 13455102
10, ps, 1944414783706.17, 36.75, 0.00, 13669864
10, ps, 1943948447547.15, 37.36, 0.00, 13903703
10, ps, 1943560330334.83, 37.97, 0.00, 14124077
10, ps, 1944685321669.80, 38.58, 0.00, 14346268
10, ps, 1944546613073.43, 39.19, 0.00, 14550615
10, ps, 1944229375118.92, 39.80, 0.00, 14785065
10, ps, 1944621868815.54, 40.41, 0.00, 15006973
10, ps, 1944095172445.03, 41.02, 0.00, 15260839
10, ps, 1944024395477.11, 41.63, 0.00, 15501630
10, ps, 1943523592828.98, 42.24, 0.00, 15724776
10, ps, 1943441906284.59, 42.85, 0.00, 15959655
10, ps, 1943701685600.23, 43.46, 0.00, 16200288
10, ps, 1943678733112.91, 44.07, 0.00, 16439429
10, ps, 1944216600761.79, 44.68, 0.00, 16658326
10, ps, 1944130114052.38, 45.29, 0.00, 16886783
10, ps, 1944511532278.23, 45.90, 0.00, 17110312
10, ps, 1944688417953.60, 46.51, 0.00, 17357318
10, ps, 1944978083338.39, 47.12, 0.00, 17567083
10, ps, 1945112119132.50, 47.73, 0.00, 17806416
10, ps, 1945061789037.79, 48.34, 0.00, 18016618
10, ps, 1944821995075.57, 48.95, 0.00, 18251453
10, ps, 1944158990917.84, 49.56, 0.00, 18479690
10, ps, 1944001902116.44, 50.17, 0.00, 18716164
10, ps, 1943789233813.91, 50.78, 0.00, 18959085
10, ps, 1944247191911.69, 51.39, 0.00, 19230020
10, ps, 1944235784803.01, 52.00, 0.00, 19456121
10, ps, 1943806185134.56, 52.61, 0.00, 19696643
10, ps, 1943882686445.70, 53.22, 0.00, 19931029
10, ps, 1943657001519.07, 53.83, 0.00, 20180543
10, ps, 1943343886053.80, 54.44, 0.00, 20423339
10, ps, 1943705514880.39, 55.05, 0.00, 20650958
10, ps, 1944048206582.60, 55.66, 0.00, 20860046
10, ps, 1944364922126.60, 56.27, 0.00, 21127661
10, ps, 1944216238921.83, 56.88, 0.00, 21375686
10, ps, 1944774811687.50, 57.49, 0.00, 21594421
10, ps, 1944607893514.69, 58.10, 0.00, 21819232
10, ps, 1944447033331.22, 58.71, 0.00, 22047222
10, ps, 1944185034971.94, 59.32, 0.00, 22297049
10, ps, 1944048668044.55, 59.93, 0.00, 22559100
11, ps, 2163486911409.36, 0.01, 0.00, 2735
11, ps, 1960810920714.22, 0.62, 0.00, 231869
11, ps, 1960683797146.94, 1.23, 0.00, 464646
11, ps, 1952815621163.92, 1.84, 0.00, 684076
11, ps, 1952867039689.12, 2.45, 0.00, 896046
11, ps, 1959236790976.76, 3.06, 0.00, 1133315
11, ps, 1950128819349.68, 3.67, 0.00, 1371030
11, ps, 1951646098858.51, 4.27, 0.00, 1577785
11, ps, 1948388969652.78, 4.87, 0.00, 1777934
11, ps, 1949880874525.77, 5.47, 0.00, 1979948
11, ps, 1949518817468.17, 6.07, 0.00, 2186763
11, ps, 1947684345575.29, 6.67, 0.00, 2396072
11, ps, 1948533540580.60, 7.27, 0.00, 2596279
11, ps, 1946664221262.11, 7.87, 0.00, 2801543
11, ps, 1949862977528.06, 8.47, 0.00, 2987964
11, ps, 1949769736702.59, 9.07, 0.00, 3204570
11, ps, 1950018345623.87, 9.67, 0.00, 3410280
11, ps, 1951810700215.25, 10.27, 0.00, 3621511
11, ps, 1948342405151.90, 10.87, 0.00, 3839665
11, ps, 1949769937765.04, 11.47, 0.00, 4069484
11, ps, 1949423994141.07, 12.07, 0.00, 4276222
11, ps, 1951738598450.34, 12.67, 0.00, 4517823
11, ps, 1950348573102.41, 13.27, 0.00, 4723872
11, ps, 1951710133974.51, 13.87, 0.00, 4941565
11, ps, 1950931884045.28, 14.47, 0.00, 5192020
11, ps, 1952777374070.27, 15.07, 0.00, 5402086
11, ps, 1953160532457.03, 15.67, 0.00, 5612707
11, ps, 1951652200075.93, 16.27, 0.00, 5827511
11, ps, 1951325599188.01, 16.87, 0.00, 6066224
11, ps, 1950388690329.79, 17.47, 0.00, 6279189
11, ps, 1952454220626.29, 18.07, 0.00, 6500779
11, ps, 1953256882626.49, 18.67, 0.00, 6720243
11, ps, 1951268282953.69, 19.27, 0.00, 6965884
11, ps, 1950964559778.47, 19.87, 0.00, 7214290
11, ps, 1952542178973.01, 20.47, 0.00, 7457401
11, ps, 1950638985759.74, 21.07, 0.00, 7686559
11, ps, 1951594930866.37, 21.67, 0.00, 7916254
11, ps, 1951166251433.48, 22.27, 0.00, 8152056
11, ps, 1951802021135.29, 22.87, 0.00, 8361835
11, ps, 1952572692697.72, 23.47, 0.00, 8596451
11, ps, 1952672643203.09, 24.07, 0.00, 8811987
11, ps, 1951410702360.24, 24.67, 0.00, 9034959
11, ps, 1951079206555.61, 25.27, 0.00, 9290804
11, ps, 1951936127937.84, 25.87, 0.00, 9501956
11, ps, 1952553164739.56, 26.47, 0.00, 9728552
11, ps, 1951740722157.93, 27.07, 0.00, 9962296
11, ps, 1951749597688.90, 27.67, 0.00, 10164383
11, ps, 1952084744395.96, 28.27, 0.00, 10366444
11, ps, 1952527295039.66, 28.87, 0.00, 10600749
11, ps, 1951196955764.14, 29.47, 0.00, 10822903
11, ps, 1950178803588.84, 30.07, 0.00, 11072444
11, ps, 1950577858290.61, 30.67, 0.00, 11281147
11, ps, 1950805516647.70, 31.27, 0.00, 11507429
11, ps, 1951492255407.60, 31.87, 0.00, 11732221
11, ps, 1951064934331.66, 32.48, 0.00, 11987007
11, ps, 1951699014863.86, 33.09, 0.00, 12202614
11, ps, 1951254900893.95, 33.70, 0.00, 12433158
11, ps, 1951928457957.10, 34.31, 0.00, 12664713
11, ps, 1952706637428.82, 34.92, 0.00, 12917290
11, ps, 1952392154729.16, 35.53, 0.00, 13156758
11, ps, 1951905599924.46, 36.14, 0.00, 13400240
11, ps, 1951658642615.59, 36.75, 0.00, 13631805
11, ps, 1951333410606.75, 37.36, 0.00, 13865749
11, ps, 1950530730471.95, 37.97, 0.00, 14101347
11, ps, 1950749853584.92, 38.58, 0.00, 14344244
11, ps, 1951095403638.04, 39.19, 0.00, 14561714
11, ps, 1950859242920.30, 39.80, 0.00, 14768955
11, ps, 1950894001795.91, 40.41, 0.00, 14995508
11, ps, 1950339327801.94, 41.02, 0.00, 15253462
11, ps, 1950768044531.24, 41.63, 0.00, 15478209
11, ps, 1950411244117.49, 42.24, 0.00, 15707637
11, ps, 1950532142125.13, 42.85, 0.00, 15946704
11, ps, 1949936453943.05, 43.46, 0.00, 16179110
11, ps, 1950130715221.15, 44.07, 0.00, 16426360
11, ps, 1950664076723.44, 44.68, 0.00, 16660459
11, ps, 1950213145572.87, 45.29, 0.00, 16887345
11, ps, 1950100589213.68, 45.90, 0.00, 17159363
11, ps, 1950143719208.31, 46.51, 0.00, 17393831
11, ps, 1950149523386.28, 47.12, 0.00, 17642142
11, ps, 1950270824416.04, 47.73, 0.00, 17883655
11, ps, 1949968031717.19, 48.34, 0.00, 18144142
11, ps, 1949227131542.50, 48.95, 0.00, 18385279
11, ps, 1949182695432.90, 49.56, 0.00, 18604655
11, ps, 1948554933737.07, 50.17, 0.00, 18811677
11, ps, 1949342420605.96, 50.78, 0.00, 19040015
11, ps, 1949295141664.85, 51.39, 0.00, 19257103
11, ps, 1949516612993.61, 52.00, 0.00, 19465281
11, ps, 1949333306072.02, 52.61, 0.00, 19669991
11, ps, 1949502802210.35, 53.22, 0.00, 19874785
11, ps, 1949783272483.93, 53.83, 0.00, 20068910
11, ps, 1949214762902.35, 54.44, 0.00, 20279587
11, ps, 1948933922018.12, 55.05, 0.00, 20491337
11, ps, 1949689903527.53, 55.66, 0.00, 20753885
11, ps, 1949977059962.45, 56.27, 0.00, 20953531
11, ps, 1949946253168.24, 56.88, 0.00, 21169809
11, ps, 1950520932918.80, 57.49, 0.00, 21386460
11, ps, 1950627898380.60, 58.10, 0.00, 21591562
11, ps, 1950347663336.69, 58.71, 0.00, 21818455
11, ps, 1949763291696.86, 59.32, 0.00, 22066509
11, ps, 1949441761382.33, 59.93, 0.00, 22299010
12, ps, 1753875273124.74, 0.01, 0.00, 2699
12, ps, 1918096059958.00, 0.62, 0.00, 218411
12, ps, 1931937659272.20, 1.23, 0.00, 439094
12, ps, 1922878696410.09, 1.84, 0.00, 651701
12, ps, 1914796183100.18, 2.45, 0.00, 888578
12, ps, 1920251419425.85, 3.06, 0.00, 1109598
12, ps, 1921663526647.23, 3.67, 0.00, 1342296
12, ps, 1918673766216.25, 4.27, 0.00, 1577592
12, ps, 1919587815314.78, 4.87, 0.00, 1777764
12, ps, 1925205668773.68, 5.47, 0.00, 2015663
12, ps, 1932818085870.02, 6.07, 0.00, 2251913
12, ps, 1933268329959.00, 6.67, 0.00, 2473706
12, ps, 1931685893259.73, 7.27, 0.00, 2691493
12, ps, 1936561842850.74, 7.87, 0.00, 2957710
12, ps, 1934742502522.83, 8.47, 0.00, 3166013
12, ps, 1937625722151.21, 9.07, 0.00, 3365796
12, ps, 1940677656035.46, 9.67, 0.00, 3565895
12, ps, 1940202087750.65, 10.27, 0.00, 3790510
12, ps, 1942926613464.09, 10.87, 0.00, 3997935
12, ps, 1938922186964.81, 11.47, 0.00, 4236406
12, ps, 1938877178349.77, 12.07, 0.00, 4463561
12, ps, 1938611870649.40, 12.67, 0.00, 4661292
12, ps, 1938179681424.85, 13.27, 0.00, 4887527
12, ps, 1938227931470.30, 13.87, 0.00, 5105657
12, ps, 1938810526832.75, 14.47, 0.00, 5359931
12, ps, 1938014261884.03, 15.07, 0.00, 5571860
12, ps, 1937380165636.74, 15.67, 0.00, 5796862
12, ps, 1939071535341.48, 16.27, 0.00, 5992208
12, ps, 1940212405575.70, 16.87, 0.00, 6204994
12, ps, 1940630379677.93, 17.47, 0.00, 6424799
12, ps, 1941353080067.03, 18.07, 0.00, 6666132
12, ps, 1940405204360.02, 18.67, 0.00, 6864164
12, ps, 1941206983433.12, 19.27, 0.00, 7081795
12, ps, 1941729308314.85, 19.87, 0.00, 7301959
12, ps, 1941597114209.67, 20.47, 0.00, 7549087
12, ps, 1942479531955.78, 21.07, 0.00, 7773124
12, ps, 1942397582806.78, 21.67, 0.00, 7976779
12, ps, 1942514076619.19, 22.27, 0.00, 8212569
12, ps, 1942761599940.22, 22.87, 0.00, 8453354
12, ps, 1942582656915.45, 23.47, 0.00, 8680867
12, ps, 1942325525375.78, 24.07, 0.00, 8911550
12, ps, 1941857477353.65, 24.67, 0.00, 9145614
12, ps, 1942342028965.05, 25.27, 0.00, 9389481
12, ps, 1942466989474.83, 25.87, 0.00, 9636782
12, ps, 1942424642785.90, 26.47, 0.00, 9857320
12, ps, 1942618283834.12, 27.07, 0.00, 10083566
12, ps, 1942352630216.40, 27.67, 0.00, 10325775
12, ps, 1941941921548.26, 28.27, 0.00, 10590889
12, ps, 1942857836238.90, 28.87, 0.00, 10821569
12, ps, 1944101494833.63, 29.47, 0.00, 11046018
12, ps, 1943313629097.00, 30.07, 0.00, 11312798
12, ps, 1941754436949.70, 30.67, 0.00, 11546940
12, ps, 1940347888464.22, 31.27, 0.00, 11804096
12, ps, 1940077630378.43, 31.87, 0.00, 12024893
12, ps, 1939919952847.06, 32.48, 0.00, 12251474
12, ps, 1939853415477.63, 33.09, 0.00, 12484549
12, ps, 1939866104709.85, 33.70, 0.00, 12727547
12, ps, 1939550637530.98, 34.31, 0.00, 12941452
12, ps, 1938398786899.68, 34.92, 0.00, 13180806
12, ps, 1938113202808.07, 35.53, 0.00, 13410616
12, ps, 1938113490235.35, 36.14, 0.00, 13645476
12, ps, 1938088354113.40, 36.75, 0.00, 13875189
12, ps, 1937661626702.53, 37.36, 0.00, 14090064
12, ps, 1937585795790.47, 37.97, 0.00, 14320211
12, ps, 1937538275800.27, 38.58, 0.00, 14526065
12, ps, 1937425862894.21, 39.19, 0.00, 14763408
12, ps, 1938178785030.23, 39.80, 0.00, 14968381
12, ps, 1938414937995.70, 40.41, 0.00, 15158869
12, ps, 1938542878594.86, 41.02, 0.00, 15370535
12, ps, 1938987213208.97, 41.63, 0.00, 15568478
12, ps, 1939313325285.74, 42.24, 0.00, 15778442
12, ps, 1938937093632.17, 42.85, 0.00, 16001673
12, ps, 1938943104443.96, 43.46, 0.00, 16253863
12, ps, 1938802540018.29, 44.07, 0.00, 16486657
12, ps, 1938789564753.44, 44.68, 0.00, 16726930
12, ps, 1939642906219.87, 45.29, 0.00, 16956411
12, ps, 1940058988495.50, 45.90, 0.00, 17178750
12, ps, 1939963675202.61, 46.51, 0.00, 17422606
12, ps, 1940586163472.63, 47.12, 0.00, 17652966
12, ps, 1940622580360.01, 47.73, 0.00, 17855039
12, ps, 1940098583689.22, 48.34, 0.00, 18085167
12, ps, 1940058560202.89, 48.95, 0.00, 18291885
12, ps, 1939322438617.62, 49.56, 0.00, 18532989
12, ps, 1939214508044.09, 50.17, 0.00, 18769082
12, ps, 1939369474280.20, 50.78, 0.00, 19010003
12, ps, 1939497253433.17, 51.39, 0.00, 19225750
12, ps, 1939872337985.07, 52.00, 0.00, 19473985
12, ps, 1939550034600.46, 52.61, 0.00, 19699706
12, ps, 1939113455720.53, 53.22, 0.00, 19923070
12, ps, 1939121702990.54, 53.83, 0.00, 20149403
12, ps, 1939087672618.38, 54.44, 0.00, 20367967
12, ps, 1939182195521.96, 55.05, 0.00, 20609030
12, ps, 1939229329172.47, 55.66, 0.00, 20846862
12, ps, 1939630382237.21, 56.27, 0.00, 21061311
12, ps, 1939740418096.10, 56.88, 0.00, 21306484
12, ps, 1939450958321.94, 57.49, 0.00, 21562836
12, ps, 1939458058237.80, 58.10, 0.00, 21797900
12, ps, 1939488723887.74, 58.71, 0.00, 22001853
12, ps, 1939357376622.54, 59.32, 0.00, 22215421
12, ps, 1939710054988.22, 59.93, 0.00, 22445995
13, ps, 2340746356338.07, 0.01, 0.00, 1195
13, ps, 1916055331840.59, 0.62, 0.00, 222181
13, ps, 1918408347174.97, 1.23, 0.00, 472586
13, ps, 1903285483145.21, 1.84, 0.00, 709509
13, ps, 1910255762484.66, 2.45, 0.00, 922961
13, ps, 1913766123126.03, 3.06, 0.00, 1166145
13, ps, 1916594687564.39, 3.67, 0.00, 1408715
13, ps, 1920371924747.90, 4.27, 0.00, 1635693
13, ps, 1920074200943.28, 4.87, 0.00, 1863770
13, ps, 1920589807558.78, 5.47, 0.00, 2101843
13, ps, 1923210249117.58, 6.07, 0.00, 2355352
13, ps, 1925220946259.39, 6.67, 0.00, 2587371
13, ps, 1927944763791.50, 7.27, 0.00, 2809437
13, ps, 1932187349666.88, 7.87, 0.00, 3033895
13, ps, 1933092055859.04, 8.47, 0.00, 3245296
13, ps, 1935915772848.67, 9.07, 0.00, 3468411
13, ps, 1936893540608.34, 9.67, 0.00, 3681174
13, ps, 1938034176766.07, 10.27, 0.00, 3906829
13, ps, 1938313986771.75, 10.87, 0.00, 4131334
13, ps, 1938799269130.88, 11.47, 0.00, 4358531
13, ps, 1937898542928.88, 12.07, 0.00, 4571573
13, ps, 1938337629777.98, 12.67, 0.00, 4825964
13, ps, 1941185581728.15, 13.27, 0.00, 5073991
13, ps, 1940229575853.58, 13.87, 0.00, 5291357
13, ps, 1940327992568.06, 14.47, 0.00, 5525738
13, ps, 1940218108950.46, 15.07, 0.00, 5750400
13, ps, 1939659646650.40, 15.67, 0.00, 5984179
13, ps, 1940328681671.90, 16.27, 0.00, 6218761
13, ps, 1942211698380.42, 16.87, 0.00, 6450034
13, ps, 1942902782210.53, 17.47, 0.00, 6652509
13, ps, 1942511611148.44, 18.07, 0.00, 6882142
13, ps, 1943160152795.66, 18.67, 0.00, 7104851
13, ps, 1942254720264.97, 19.27, 0.00, 7331723
13, ps, 1940998224134.42, 19.87, 0.00, 7556183
13, ps, 1943190557675.56, 20.47, 0.00, 7799457
13, ps, 1943812054170.09, 21.07, 0.00, 8024163
13, ps, 1944292917280.25, 21.67, 0.00, 8252974
13, ps, 1943670699948.64, 22.27, 0.00, 8468607
13, ps, 1941543448307.25, 22.87, 0.00, 8711834
13, ps, 1942304616700.38, 23.47, 0.00, 8950142
13, ps, 1942833229431.31, 24.07, 0.00, 9183881
13, ps, 1942951788926.27, 24.67, 0.00, 9376955
13, ps, 1943925107565.21, 25.27, 0.00, 9568786
13, ps, 1943768679596.46, 25.87, 0.00, 9762777
13, ps, 1943630447095.60, 26.47, 0.00, 9962518
13, ps, 1943413936178.91, 27.07, 0.00, 10177256
13, ps, 1943571609308.00, 27.67, 0.00, 10392366
13, ps, 1944721318187.41, 28.27, 0.00, 10591685
13, ps, 1945165982900.02, 28.87, 0.00, 10805133
13, ps, 1944820509692.94, 29.47, 0.00, 10995854
13, ps, 1945051377091.85, 30.07, 0.00, 11181724
13, ps, 1946192159467.66, 30.67, 0.00, 11382191
13, ps, 1946029557248.68, 31.27, 0.00, 11592392
13, ps, 1946003954648.76, 31.87, 0.00, 11822142
13, ps, 1946833262003.28, 32.48, 0.00, 12035664
13, ps, 1946425522697.09, 33.09, 0.00, 12265909
13, ps, 1946990247611.88, 33.70, 0.00, 12494319
13, ps, 1946682023870.04, 34.31, 0.00, 12699840
13, ps, 1947189424001.79, 34.92, 0.00, 12932729
13, ps, 1946919784265.39, 35.53, 0.00, 13161744
13, ps, 1946882681703.64, 36.14, 0.00, 13377729
13, ps, 1946485946122.06, 36.75, 0.00, 13607896
13, ps, 1947338230910.22, 37.36, 0.00, 13834861
13, ps, 1947313435695.39, 37.97, 0.00, 14058845
13, ps, 1947429578945.92, 38.58, 0.00, 14291745
13, ps, 1947184951921.03, 39.19, 0.00, 14512943
13, ps, 1946580998630.47, 39.80, 0.00, 14727355
13, ps, 1945663646559.11, 40.41, 0.00, 14982460
13, ps, 1945416143073.52, 41.02, 0.00, 15203028
13, ps, 1945026675902.39, 41.63, 0.00, 15443031
13, ps, 1944611619541.49, 42.24, 0.00, 15659879
13, ps, 1944873594718.19, 42.85, 0.00, 15868029
13, ps, 1945110532544.40, 43.46, 0.00, 16110954
13, ps, 1945275671766.58, 44.07, 0.00, 16336781
13, ps, 1945422069942.20, 44.68, 0.00, 16553328
13, ps, 1945742062806.91, 45.29, 0.00, 16773599
13, ps, 1945955639599.19, 45.90, 0.00, 16991465
13, ps, 1946428480554.64, 46.51, 0.00, 17204172
13, ps, 1945971261396.62, 47.12, 0.00, 17445445
13, ps, 1945616883258.64, 47.73, 0.00, 17664110
13, ps, 1945371508661.58, 48.34, 0.00, 17884839
13, ps, 1945434022602.54, 48.95, 0.00, 18105468
13, ps, 1945072966575.68, 49.56, 0.00, 18337430
13, ps, 1945503712817.51, 50.17, 0.00, 18557939
13, ps, 1945196360002.59, 50.78, 0.00, 18775631
13, ps, 1945333889821.99, 51.39, 0.00, 18988108
13, ps, 1945474129540.54, 52.00, 0.00, 19204178
13, ps, 1945215073552.52, 52.61, 0.00, 19450087
13, ps, 1945443404289.45, 53.22, 0.00, 19682279
13, ps, 1945673082920.03, 53.83, 0.00, 19909758
13, ps, 1945513072833.43, 54.44, 0.00, 20137180
13, ps, 1945006326749.69, 55.05, 0.00, 20362296
13, ps, 1944682755768.70, 55.66, 0.00, 20574581
13, ps, 1944971107652.25, 56.27, 0.00, 20803518
13, ps, 1945021570738.35, 56.88, 0.00, 21025667
13, ps, 1944999539001.22, 57.49, 0.00, 21231394
13, ps, 1944588417374.94, 58.10, 0.00, 21461166
13, ps, 1944800925278.76, 58.71, 0.00, 21685186
13, ps, 1944468467001.01, 59.32, 0.00, 21949767
13, ps, 1944609707758.54, 59.93, 0.00, 22199622
